,AF3,F7,F3,FC5,T7,P7,O1,O2,P8,T8,FC6,F4,F8,AF4
0,-0.048266468734810906,-0.1359069035794235,-0.20277378996435935,0.22176287270170492,0.24731616810621818,-0.17310539948973772,0.24038487098429998,0.08061804895529072,0.7648543090076112,0.701360307538399,0.6105924434870965,-0.2895247901863974,0.3024014247811676,0.002677660017426879
1,-4.487432932508309,-3.1934484765981828,-4.005986696176557,-1.2132419120944262,0.24195784910222168,1.9489364869871324,-0.4859412968015205,0.060271570240526866,2.778657020680974,1.2671765458879534,0.3951130507128962,-2.6678826296462677,-1.5736898452511037,-3.384862938404687
2,-7.79718447755374,-5.393079643020061,-6.803511334275913,-2.2361512895381765,0.30921764807552166,3.6178714294915464,-1.0686096669379352,-0.15159740451719572,3.9604986877852673,1.476797925741147,0.02964282947651063,-4.3786879724336405,-3.098442112286888,-5.888138335353075
3,-9.114071046275242,-6.109478881534362,-7.871859207869865,-2.512040708442354,0.5097064644162684,4.438283335660804,-1.3689333000801696,-0.6055064880335536,3.926931273109137,1.2678933149714127,-0.42640171393738824,-4.954719575941639,-3.904644316894047,-6.820029956981763
4,-8.139075846588437,-5.166785744272111,-6.973003231305829,-1.9651639513162422,0.8066305760674316,4.219257999225302,-1.3274965375626429,-1.1948856058701418,2.6880092369202555,0.7128375649325545,-0.8561269753934536,-4.245821044300597,-3.7976689372208026,-5.936029756975784
5,-5.217151313657719,-2.8889504769619925,-4.415458379028671,-0.806449651730239,1.066776397243166,3.0193542329056413,-0.9797882814288298,-1.6825678181881996,0.6418310965303824,-0.01042503393265985,-1.1251813894667557,-2.4637857766507545,-2.8133707758131776,-3.507002042258695
6,-1.2189523621953673,0.012457583502790682,-0.9493130383209409,0.5410230853861959,1.1096816139618948,1.1309452236277662,-0.44293119420706917,-1.7940506332128565,-1.5607694348395558,-0.6839005394210208,-1.13642093570439,-0.11801342041617423,-1.2148418407164097,-0.23939091027850415
7,2.735497673475243,2.6740687613814598,2.4694649294959508,1.5936711498937095,0.7885464953475101,-0.9917127916711895,0.12272192626744215,-1.3416593216405768,-3.234745050056476,-1.126283298787622,-0.8748996066389408,2.1389104313192293,0.5755865802401773,2.9350600773418942
8,5.620068024246844,4.359267582776137,4.968115543934752,1.9828168373092865,0.07134949521041146,-2.842933120898092,0.5647571366232158,-0.3282343157455129,-3.887214852784972,-1.2516378339034477,-0.42116170452078333,3.707444809831946,2.0930865581017417,5.137403369645204
9,6.800824548108367,4.684882330856443,6.006155057017874,1.590439870822062,-0.9130421011647624,-3.9878233807304615,0.7855667502138995,1.0162025352607968,-3.3739365629853046,-1.0882095290501654,0.07625078852588792,4.216964521544051,2.9630774733611913,5.802423695776334
10,6.194591781697466,3.720761579008297,5.5063519245579275,0.5945370338731583,-1.8887734856466087,-4.166871837555219,0.7689809114724948,2.287278421736381,-1.9330410711915353,-0.7517727424324661,0.45988409195738067,3.625422586561161,3.0094504068996546,4.841194002756942
11,4.242075905911786,1.9324981409496298,3.831048236955549,-0.5949332955850222,-2.5105617184807425,-3.3576735339551322,0.5776262187894622,3.0365061912175872,-0.08674969141794044,-0.38643939025455215,0.629422381442013,2.2119368750887545,2.302784930335613,2.653754902726572
12,1.7138504668622363,-0.006998515297142851,1.6205427951677749,-1.4886818879081851,-2.4833716497138107,-1.778662447210888,0.3224085958444174,2.934950978896056,1.5514888394761628,-0.0991041029616713,0.584891998589328,0.4671386481844068,1.130706494142225,-0.01236376179813754
13,-0.5760169121567843,-1.4658117007384177,-0.4433892566778767,-1.7048538224272312,-1.683193047532577,0.16649986930548172,0.11577919093977769,1.9097749119697314,2.4937984363324506,0.08384298735588433,0.42544625439078737,-1.0794154612252918,-0.10210173116005003,-2.3120524694322904
14,-2.044797167018242,-2.070523037099829,-1.8626714636652986,-1.1208964841008338,-0.23236512047603936,1.9907870986879306,0.02665887264464559,0.199035698334729,2.540246168443824,0.2184579288988474,0.30101219766609805,-2.0342599159425765,-1.0120113576447007,-3.5788854762208455
15,-2.508774759563335,-1.8157901617035974,-2.4588126040089495,0.06789128409383031,1.505176563652704,3.247055161233258,0.05452387949304585,-1.7026243423519298,1.8291142310959319,0.40262379743051196,0.3357309136152436,-2.2567778474001323,-1.3655400482311768,-3.5357619536646085
16,-2.190382976059112,-1.0302332851218858,-2.3776212698260286,1.4087551537608463,3.016926995855581,3.641660319082854,0.13304398632642775,-3.1955380347020164,0.759218276447926,0.7106129701697219,0.5569249993125496,-1.87838987931243,-1.1535112743078297,-2.369001773105827
17,-1.5718745217108243,-0.2167009139442032,-1.9712604149588904,2.3529226405178982,3.799209993925056,3.108830894120722,0.16226055553716812,-3.7750714631085485,-0.18377459823509906,1.1327346637438527,0.8640225687605586,-1.2205858557434355,-0.582574565249241,-0.6410082970206622
18,-1.1590443180891472,0.16855305605349416,-1.6119465619268574,2.4617788184930984,3.528975693154272,1.8253655275143177,0.05683830861140575,-3.210849269676523,-0.628869808971542,1.549953607611126,1.0570047639394733,-0.6455921426332544,0.01411001777461449,0.9274583938250202
19,-1.2503775065950102,-0.08878321374176051,-1.5156606298320414,1.5826622887310753,2.1902512578017523,0.16046548407374167,-0.20908869095165916,-1.6398882006322575,-0.470026045906068,1.7605418565432638,0.918912892647752,-0.3987528023982423,0.3148772952144912,1.7279326728083422
20,-1.8028714391491918,-0.8673622114190146,-1.6477110800998516,-0.07248780314426659,0.106848533096846,-1.4268571069056601,-0.5795581363732533,0.46349432665577495,0.09491115075413471,1.5547223382070459,0.32199344417762926,-0.5051453326208805,0.14446261283691603,1.4903757580991406
21,-2.4475337319067636,-1.7553409280781378,-1.7476885402985787,-1.9791874104868599,-2.1373516685827965,-2.515137329636144,-0.9279870355325528,2.435490015855287,0.6542117293991655,0.8119430417688766,-0.6869611221768589,-0.7626465019461879,-0.4468336437432744,0.3819220858354477
22,-2.649508953816238,-2.2187005174538412,-1.4626772344083414,-3.470170945336099,-3.870856120754376,-2.8368267026183864,-1.1002020189424861,3.6407811505554712,0.76812770751329,-0.41753014979844055,-1.862753165384042,-0.8365691034299286,-1.1931292924179597,-1.059650698797316
23,-1.9514290876181002,-1.829529511378684,-0.5333742235388355,-3.966659228829111,-4.546480972803498,-2.3499885396197895,-0.9746931955923162,3.6869126900610207,0.17778783174655355,-1.8837862964788994,-2.8187700171867416,-0.42062953048476454,-1.7125230411100252,-2.1356793099925895
24,-0.20475193294020397,-0.46667591428968636,1.044946653037454,-3.1908141145651356,-3.9229658912017484,-1.2440182743459756,-0.5176185870190402,2.560597895839284,-1.04881707614849,-3.182181769623043,-3.1528552597625064,0.5993807603271928,-1.6618613123488177,-2.2641101049341317
25,2.3048255249394014,1.5910406747852641,2.95711023721673,-1.2830887812019214,-2.1537564277910737,0.12243029766342005,0.1895193149533266,0.6371247576244609,-2.499674949809834,-3.8668604442111953,-2.6007310317725136,2.0479461860070765,-0.8888798778259052,-1.222050377494958
26,4.895392295562894,3.7214465274993356,4.633631487987632,1.2206262780461066,0.2502388784382239,1.3324281132658589,0.9627291850889045,-1.4426497142299581,-3.548995568843846,-3.6006352004748696,-1.1601129402200794,3.47567152311332,0.47868443197541627,0.7395330860251359
27,6.688966297990198,5.153979024064876,5.432632847877697,3.549432926435529,2.575303432585906,2.0365517557580146,1.5677774638127537,-2.987232414913828,-3.595447954750085,-2.2909834449099193,0.8659321931810329,4.295058250636935,2.047002152756062,2.957619675717141
28,6.91183998258658,5.240197500216593,4.877360889599854,4.944992871399044,4.128354303834219,2.0547600015921703,1.7959875928298685,-3.4884025715786633,-2.3222894114181636,-0.16071437031101857,2.932060327164152,3.996062614759481,3.276120744320088,4.580483662866561
29,5.1924279274433935,3.706436045177174,2.8633040095484956,4.914457269555006,4.456292121227167,1.4234298337434097,1.5380831502410637,-2.7938330329785708,0.12307439634297036,2.2803476398215192,4.408121912613322,2.3662545294943604,3.668611634747162,4.87731039012287
30,1.7480557093177058,0.7964791074116649,-0.24568273947235875,3.4031251656369346,3.4886297227166736,0.374343817044336,0.8296610310914035,-1.1587879645913568,3.110072716174208,4.364295055016312,4.782907161720552,-0.3691147485038833,2.96074239683312,3.5239433105014926
31,-2.615405757834001,-2.754258949542026,-3.6777298308146293,0.8265459727833973,1.5558694510010125,-0.7456625141302794,-0.14952139076156593,0.8413053078639139,5.691195496674968,5.460618434777134,3.8453373112346116,-3.550344308334719,1.2444950775054597,0.7587288431387934
32,-6.706165862424275,-5.916193574417404,-6.461972815335741,-2.051884707958646,-0.7223081040758285,-1.5868562458665594,-1.1248382338780292,2.507827469065582,6.90921414971011,5.177674763734581,1.7776311171529053,-6.246160350486055,-1.030132169154175,-2.65484955042672
33,-9.297040107525708,-7.678847771763824,-7.725196633291361,-4.359957919250131,-2.641164491854661,-1.9036203316147473,-1.8101262702497924,3.258342850570059,6.143975902672746,3.5027270522064327,-0.8776043376305604,-7.535687735165092,-3.181872389376087,-5.655096794588908
34,-9.515319549861806,-7.381519012130639,-6.980661308769111,-5.3946853829501995,-3.638587859536419,-1.6225324952571623,-1.9981614598520112,2.826783323517207,3.374241274831359,0.8297583570180377,-3.3719163133693755,-6.822032899038664,-4.516405447968658,-7.227191943517516
35,-7.143886050144591,-4.951746474827439,-4.3108814451500805,-4.847718880994504,-3.470349863135642,-0.8521775740832286,-1.6281820289942268,1.3562612423233613,-0.7484211981823262,-2.140297513728681,-4.980051659901185,-4.070659196094937,-4.563065851546485,-6.7507017717790045
36,-2.7287876945264333,-0.9673136303950949,-0.3771646350845372,-2.903371651682642,-2.2756994906924346,0.16415393019854962,-0.8075939828412118,-0.6471745807049287,-5.0559427885215324,-4.599824491446316,-5.228889072946738,0.11716796126824292,-3.2467973840281465,-4.229177408124295
37,2.551581565957848,3.4877307064866256,3.755890166193473,-0.1766901505540607,-0.5141324835039388,1.1326461221566055,0.2198213474355577,-2.4845122924260084,-8.212702323494518,-5.873601778953325,-4.0496296350586185,4.635637699638425,-0.9317490053195102,-0.31904837334622116
38,7.223089009999005,7.135640865802853,6.931189264369384,2.4875522422776304,1.201775352837053,1.798949691074508,1.149091469291203,-3.500528178955588,-9.148552684854677,-5.620653869115006,-1.801338299116842,8.18275149035801,1.6837086145085314,3.857764910939266
39,9.956470232191194,8.891737837359987,8.248760605384318,4.287666260649197,2.3178497694025495,2.0140005749535126,1.7083278829743425,-3.307986334313387,-7.431155366405831,-3.9341283489433025,0.8429785852639285,9.655903133734936,3.7887996904118304,7.059466696661893
40,9.973076676490187,8.2034182313504,7.342272935576063,4.718916049885075,2.520950527017322,1.7576829517719146,1.741932951004918,-1.9240811425553577,-3.4460338780751503,-1.3076928272918844,3.110152101178636,8.50961181536496,4.725393874015956,8.315775125659568
41,7.285346341465357,5.231532704731448,4.4924265714936125,3.7251307120402912,1.831549491121878,1.1199824961961908,1.2567104481413063,0.227037887890768,1.6871058620332005,1.5193139816438048,4.369381833937712,4.955865348085567,4.206229281072731,7.2363651676819325
42,2.693569226834079,0.8129458447502025,0.5395963818407684,1.700274806230621,0.5778303858533039,0.25510703357305137,0.4171757678406379,2.4475780278412236,6.445414244631423,3.7865414753620037,4.32343950718211,-0.06617116819189464,2.4113310793186886,4.135030022509172
43,-2.4609057730638537,-3.787130317157957,-3.376438003301629,-0.656708837391232,-0.7353864859762795,-0.6683395275917693,-0.5074739041835896,3.9923282775698024,9.379283658416496,4.934318379893325,3.0868810631198698,-5.151314768797904,-0.07092757026978427,-0.0703542539356411
44,-6.706972345167701,-7.256515879402497,-6.165492002110765,-2.5815459177005335,-1.613652814351697,-1.5013362036878264,-1.227517279308893,4.314118301276558,9.578839383811852,4.753042303217573,1.1287028039359641,-8.844664318320756,-2.438508233889464,-4.147705637736721
45,-8.887820584286388,-8.631207443678937,-7.112372258515672,-3.4963921829345526,-1.7487733495693205,-2.1247293471534423,-1.5218470101682597,3.2481875335134505,6.974233110647809,3.417360574666807,-0.8971090435904179,-10.083994176536967,-3.9402493854544622,-6.934265563753594
46,-8.497077462712921,-7.5799468684237326,-6.0757544068251885,-3.189734081501763,-1.1224619668376077,-2.442388143812962,-1.3051279890629413,1.0747319454407722,2.3663795891548833,1.4018599903905915,-2.372689397653426,-8.527221828498881,-4.121022178623648,-7.688820910228228
47,-5.80384015676186,-4.489998754904572,-3.5010619060602113,-1.8671261257165934,-0.0036475812991925167,-2.3733833589135394,-0.6531077737882748,-1.561710188584022,-2.825585012022212,-0.6863294762981756,-2.9131718288835207,-4.658474258604417,-2.965613851984614,-6.300916781822961
48,-1.734037669060796,-0.3304503984731386,-0.25017063573477677,-0.06057372375617554,1.1566719580925149,-1.859158158728737,0.2211751058939571,-3.8510432184282295,-7.01821198405468,-2.2981511106687926,-2.4743751507259515,0.3631882731364474,-0.8946052480235555,-3.295171210638567
49,2.4449442791836575,3.6592448937474664,2.689446785545701,1.5678171663937484,1.8935053165237807,-0.89155180518258,1.03309197074607,-5.071399371806715,-8.968769912086204,-3.094003555082374,-1.3392522440528616,5.064830224372735,1.383977139354008,0.36246712989080143
50,5.5278659071242044,6.353055775216289,4.51642950111723,2.4579269536641943,1.8983291977837349,0.44764778512199344,1.5145401214414103,-4.817085098179202,-8.164074128755441,-3.0121699882155415,0.0060253473555335465,8.114352475971087,3.1150435398646334,3.585519387553518
51,6.731327628419057,7.071737154049276,4.846000938381876,2.3396447587253952,1.1318233983452575,1.9574878220556706,1.4981694145926343,-3.128293669960549,-4.965972446676754,-2.2425155728207606,1.057745112353823,8.72240285967923,3.746768372646612,5.505543790600361
52,5.898270240792757,5.762997052161686,3.789242198644507,1.314375927366461,-0.16001573491187637,3.323662477916163,0.9720579565907425,-0.4818042760935416,-0.46962112682331525,-1.1265385110948496,1.4740048075458287,6.863492717568359,3.107153725994739,5.718731822961794
53,3.4925018325280504,2.978412989347793,1.8656649472362885,-0.19447409491375128,-1.5310279168626322,4.174116634234866,0.08734718997902219,2.3537490674351766,3.872139915514628,-0.026979093723243208,1.1847427963881334,3.2494370524631977,1.4497280469604985,4.366990929854367
54,0.4000029342849775,-0.33576692549405207,-0.20925847348858814,-1.6013010909633438,-2.4907190812399214,4.179267816151135,-0.8849439981268956,4.551741767802869,6.7276897394259185,0.785243332651966,0.3966422965197691,-0.9289303438541486,-0.6434961367265184,2.039104701683219
55,-2.3845385727412722,-3.1577443466548103,-1.7800797046346424,-2.3705182770434496,-2.6761064649962742,3.1695237618891494,-1.6361915532675382,5.476845766416515,7.307052859212206,1.191794321719448,-0.5038652044362,-4.399716212973771,-2.4655234864646203,-0.4615377932467066
56,-4.075883213134531,-4.711293803123994,-2.459976995370582,-2.2066650308013562,-1.9800561252583717,1.228236456233496,-1.9170663554447327,4.872434812523897,5.58689298368036,1.224065770321542,-1.1096203787375507,-6.212151491449373,-3.423267708792493,-2.394529912519937
57,-4.318243924688735,-4.686009820051595,-2.2241216287754297,-1.1569459032745746,-0.592229482548863,-1.2810026882519965,-1.618833828410827,2.9297422589780484,2.2738982599847386,1.0100116366494816,-1.152686858778126,-6.011156195244484,-3.2307671879922273,-3.3084199984419143
58,-3.2453173877330213,-3.292385851258284,-1.3656596705812105,0.4080090993967733,1.060870196011021,-3.7758143297835183,-0.8123658900834303,0.22066442007555762,-1.468633931872293,0.7003747262351263,-0.6056285417273728,-4.100719008799228,-1.9932535722861628,-3.1435704896993553
59,-1.3769756637771025,-1.1452313083185002,-0.3430014512460681,1.9268756619224325,2.4558075030656377,-5.598317113839629,0.2694038088134386,-2.480999721396915,-4.427258663223383,0.4068546746959713,0.31230958813973125,-1.2875187169416553,-0.15722799997925413,-2.1893245110350685
60,0.596099325390705,0.9742266044457313,0.41558761943533024,2.846457558169759,3.144393964408085,-6.2021924620804585,1.301971845578176,-4.431437320213409,-5.7343508601797195,0.17448110969041067,1.2244808413046449,1.428963876942404,1.6522147984337447,-0.9265331095318693
61,2.0561358094974387,2.390268208515481,0.673287286749669,2.8168306334148823,2.900303825360818,-5.325439739003123,1.971358180437958,-5.129483769323463,-5.121778977340584,-0.007486281726409846,1.7463391943592599,3.204968917222666,2.8479073319639765,0.17490059749273923
62,2.645806228963147,2.74567211826323,0.4534411449740096,1.81496659754201,1.7917904245603984,-3.0904414537945692,2.0749501035711706,-4.447150038616304,-2.957267548947876,-0.16932636471451074,1.6377908676307125,3.6182246650915655,3.0755374402429325,0.8236342267926939
63,2.3433657568139457,2.088695503006881,-0.0035393312526011316,0.15436912573734174,0.15763720030618797,0.006242715083313414,1.5874017899810575,-2.6437702342756553,-0.06788915850376896,-0.3223085314936467,0.9003378663738457,2.765619895296734,2.3213501502964586,0.9803043648486713
64,1.4141938247613453,0.8140202496131029,-0.36987678946340097,-1.6218757509168642,-1.5040174460601274,3.2167434175225416,0.668662067175164,-0.2672101362019047,2.5721709655311673,-0.43940390959228837,-0.2181585289563984,1.171419473546024,0.8991069322248424,0.8190340564954015
65,0.271878898304019,-0.5112154638002093,-0.3889073141221996,-2.9267908435394294,-2.695838401828499,5.742575593062328,-0.38959807714500055,2.020259987717482,4.171894345905421,-0.46552681203538676,-1.3135755538494809,-0.44738359954507684,-0.674463028391524,0.6049596247884514
66,-0.6899594792638779,-1.3675979466438897,0.004373684755373353,-3.329137489107254,-3.077172837351455,6.9524485660191635,-1.2616831454814237,3.6338606238115814,4.358003728652657,-0.35190369595833104,-1.977261441365626,-1.4643251781393014,-1.8681933584187123,0.5474337930275351
67,-1.2306446453860198,-1.4692926446596668,0.6500186073264681,-2.6980094023028207,-2.5653052279727064,6.55124151959825,-1.6964885219278925,4.218056642147807,3.243937882400048,-0.09626593349755162,-1.9526049729005732,-1.569587239909464,-2.320798355878436,0.6946083128078562
68,-1.3161913087581372,-0.8517523159658135,1.2301929034545072,-1.243321167469662,-1.351206059543951,4.651168978923843,-1.5993842287668258,3.718168881311854,1.328308070572871,0.23377047588571429,-1.2369867828398478,-0.8601185561878358,-1.9564806688577026,0.9141730974435132
69,-1.0844787286607407,0.16438912343942896,1.4089850022740296,0.5600898687055631,0.17206122161777418,1.7286815153288708,-1.0585418854205288,2.3606045616958733,-0.7212942645386591,0.5104252286856117,-0.08916332442706473,0.23132461421811618,-0.9935729310852216,0.9664357638548369
70,-0.7474732244996447,1.1135196795737718,0.9877981438646293,2.1364682259493906,1.5414402405325478,-1.5134126017243763,-0.3062536728612765,0.5595244646117986,-2.3087033315463286,0.5902456547362189,1.0630065938608613,1.133090730467106,0.15286449205920005,0.6356751477434296
71,-0.47832042084008364,1.573162755737855,0.011983226440377852,3.0029755498129727,2.370936219036477,-4.332399285625111,0.37090560838417236,-1.2126366242056343,-3.085653731951072,0.37822056456993897,1.7819833740672095,1.3774922923775066,1.0354990691270711,-0.13984756042363788
72,-0.3329857180774777,1.328740071765165,-1.2177574758181562,2.9260813920441207,2.465283830607881,-6.125227847842111,0.7403183315205811,-2.548689951915923,-3.0111713907772075,-0.1153130654461663,1.7882558791827883,0.7954901523625951,1.3438839296100904,-1.1994238934179497
73,-0.2381196655135313,0.4546449990419882,-2.2394752233440025,1.988026998112539,1.8654111879173745,-6.555029166290857,0.7097917724225459,-3.1918514599753847,-2.2920080334659487,-0.752705991798773,1.0725935396658477,-0.4103106945953001,1.0156219430414954,-2.1886542882878084
74,-0.04696987130756407,-0.7164567860450594,-2.5989113010519174,0.543700010687164,0.8154680957765575,-5.600466930137969,0.35932436592549083,-3.0685103943002554,-1.248334637231731,-1.2984000790597283,-0.09182640723948804,-1.7410006286140778,0.24947358263146538,-2.6813111435100025
75,0.3643228176201258,-1.72263977853281,-2.0321791744285793,-0.9129695005945424,-0.3320761976758803,-3.5290276334060726,-0.09494271391975574,-2.2734327768139537,-0.1720195016379113,-1.496215127845597,-1.245465592487281,-2.5960547151778766,-0.5824694618600669,-2.350919112234035
76,1.0051621711107843,-2.1507713567382525,-0.5927056123083767,-1.9231309462579715,-1.237177832050301,-0.8145588594555281,-0.39216875207416646,-1.0244564989106864,0.7623196885663005,-1.1700741226045148,-1.9137808142519073,-2.514085970700175,-1.088466400209035,-1.1253812722804981
77,1.7275050703742083,-1.79691331195615,1.3299273428490501,-2.2154253801321913,-1.6766847739224144,1.9725988410831767,-0.3393326579368733,0.3938377395061976,1.5051171861822832,-0.3104023091443187,-1.7911837280473961,-1.369041746485884,-1.0169629460060157,0.7399257206008155
78,2.2558692725223732,-0.7493155325213078,3.114550477734366,-1.7845426447779382,-1.599261573199294,4.277261535847334,0.09924293383612695,1.683737403017471,2.0711790213783456,0.89087228283333,-0.8678769963186531,0.5532622012655811,-0.36080913657567754,2.7077926895886018
79,2.2847904315124494,0.6371872874773526,4.107503921698576,-0.8719523875061461,-1.1172876268053542,5.655862113273712,0.7726470289796372,2.580367906178046,2.45496495800907,2.0778975020292534,0.5508889436084066,2.6307078249802434,0.6345951292860665,4.117667190569843
80,1.609246616367739,1.8667519412824891,3.8515934244283305,0.13945341977535955,-0.44530357886942196,5.849205995950183,1.3900682691806987,2.8913168822611124,2.575179486463994,2.836113775815142,1.9445297671555388,4.110329200325595,1.5629753301925304,4.407934891961556
81,0.2370423411485159,2.482779584641122,2.2658336650943327,0.8747784067873838,0.1875038935071655,4.827151609067886,1.6301114400897718,2.531507551585316,2.284896591571784,2.8333905870175093,2.762661510973399,4.374123293122286,2.0142245551098563,3.3258045387654582
82,-1.5651140472630043,2.2372799999324355,-0.29027900472641294,1.104380054514915,0.6166573614185117,2.8004395670759847,1.2739179067674975,1.5499152253824018,1.448661496883176,1.9484963258727055,2.6300951007046427,3.172397182082187,1.7371806971328752,1.048143502241173
83,-3.3183723531364087,1.1872706318157036,-3.0977048158795726,0.8192947096700723,0.785817741898418,0.19320551375562928,0.31118080061032954,0.13846931219414935,0.051633212736336774,0.3386711081873008,1.4958777206841463,0.7408496719674776,0.7459254909231583,-1.8360612863112165
84,-4.464615845146185,-0.31785516106021344,-5.285414883855072,0.21950847925076375,0.7426680666592174,-2.4286891030066236,-1.0251424303908456,-1.3888320791850008,-1.7153841810069927,-1.583382427447879,-0.33012517345492326,-2.2440758488432166,-0.6716431508561373,-4.484771705016738
85,-4.545961973018991,-1.754899443922304,-6.102127115106676,-0.37736601872105613,0.5948818178462013,-4.470465463318023,-2.315589146931193,-2.6535104786368784,-3.446960182918432,-3.2620685008391184,-2.269501288715353,-4.862485646171436,-2.0477109626002568,-6.05755462486512
86,-3.3713156217297557,-2.610086092882738,-5.165606763392281,-0.6701641791087865,0.44866235421463935,-5.445785782707516,-3.0892636458610285,-3.30175599623035,-4.61304845560276,-4.168042178429865,-3.6662495231925556,-6.239773286835577,-2.897463769830477,-5.985119714097012
87,-1.1108113494873753,-2.5621597115152377,-2.6071029004583264,-0.4990118220540631,0.35738654304804757,-5.107635470629058,-2.993317752908997,-3.105333009270251,-4.728576538144572,-3.969455186552426,-4.010414732657086,-5.83361452640132,-2.892011885068612,-4.165075928325492
88,1.71958458483935,-1.6001888722125215,0.9397894719446053,0.08681621294971002,0.30173065506300584,-3.53352118934468,-1.9363927217316685,-2.0438299314206123,-3.5450806351242443,-2.647953914895957,-3.1163926314020816,-3.624987937207715,-1.978795547051334,-1.0173373493768785
89,4.385585858018866,-0.03374287559239679,4.507492629960002,0.8440047425101244,0.20826742057402756,-1.1302200751057698,-0.1503765729719138,-0.33721529094167335,-1.1894970644739125,-0.5192125787517818,-1.1939396393533206,-0.1491721154333515,-0.40639658303625475,2.6224772985300464
90,6.139076967239886,1.6090268262921337,7.071384708895987,1.4280779270020398,-0.0031013122844547585,1.457429414470042,1.8592703774435806,1.5906583511092685,1.8127593087152865,1.8509937239431244,1.2122244766481658,3.6461212400043235,1.3545754043066187,5.740813305400886
91,6.437959399122866,2.7605134769137454,7.8516583583475805,1.5296859455620953,-0.3647595349410466,3.5191988020732503,3.4654922525945597,3.215741929728224,4.6549189700986515,3.809834262212093,3.392773303593337,6.673172760695865,2.7659330287467707,7.44203994284051
92,5.113280396064425,3.0082017403430408,6.5481040194460265,1.0033658240403969,-0.8251054738823962,4.488164709220999,4.126536343276949,4.05921581099083,6.479614811335729,4.8086474701823585,4.695839478855575,8.023913765740303,3.3974227632427385,7.211355711469587
93,2.4313310161137935,2.2377170046595776,3.4365810091029,-0.060167127677812564,-1.2484980837493054,4.120410614353488,3.577133861118783,3.8321244347946535,6.652145944756026,4.562980297769888,4.727118545750941,7.23954556301505,3.0633248534248305,5.065305851027656
94,-0.9690896724422857,0.6755345458441531,-0.701333485244606,-1.347343167388331,-1.4552113442136592,2.582330652006402,1.9347148647329333,2.5331447587998284,4.9843480277447405,3.133050934420589,3.4646540141649114,4.449658767826142,1.8756084069921641,1.5468291319864127
95,-4.245757649233618,-1.1829324750802352,-4.793378646120513,-2.419305955950719,-1.2890016768939492,0.4076470438443335,-0.3216374015432543,0.4656046408997602,1.828845663327209,0.902248813839831,1.2559679191497835,0.3415382812304973,0.1992570750809441,-2.42990651422121
96,-6.5783762706334405,-2.7352873963996083,-7.771693377516839,-2.861915671475579,-0.6879191924354936,-1.6709623312980089,-2.4979795325997958,-1.8357968264722297,-1.995720793748951,-1.5367538886764578,-1.2950591026179625,-4.028094261816457,-1.4710273243652392,-5.835149983868686
97,-7.384918621477709,-3.469651893900323,-8.861755128855576,-2.4367000605222233,0.269298273297796,-2.9651699108828633,-3.9113469448161555,-3.7496932329483386,-5.43194039694615,-3.5512442501572474,-3.5098304585065687,-7.5210988841581825,-2.6683097467468366,-7.802936473737473
98,-6.468770703526186,-3.132058703396667,-7.783956655527839,-1.1792775140028162,1.3621497411315018,-3.0677552144134608,-4.118024436788076,-4.7423515437628,-7.495137537036881,-4.641410559249698,-4.825634676901219,-9.22186705409013,-3.092000098864474,-7.854904230230129
99,-4.059149519829806,-1.8089625256383148,-4.815237747098837,0.591614299016581,2.27879922833474,-1.9981482923680716,-3.064562042727052,-4.519921923307905,-7.5714712240701685,-4.567304439818889,-4.938679856245108,-8.673380939815528,-2.684323739507784,-6.0101471375297475
100,-0.7395090113326332,0.10106836220528212,-0.7005541549576804,2.361563485614952,2.7063252135232796,-0.2002870220979297,-1.107526330916736,-3.11348484820529,-5.607839199796074,-3.3970170384564216,-3.8637334784458273,-5.985605125793909,-1.625376900846604,-2.7587454787004697
101,2.709951121260217,2.0155988555291415,3.5534435101055797,3.578520809126629,2.4340679849313784,1.612591300915378,1.10636710541554,-0.8722718148582275,-2.1330109247148274,-1.4687482534078204,-1.9038947600757952,-1.7952998361974914,-0.25612064012556146,1.0841475332881023
102,5.508364195963831,3.353252138779212,6.940019186591394,3.830690238479104,1.4363886950300742,2.715569857167346,2.858833303467569,1.6318446495560472,1.8966565762255874,0.7150944171421111,0.44894927398998186,2.90283331232126,1.0383393026580292,4.596115385453275
103,7.055916841053813,3.714744809047943,8.696988037248037,2.985482893665234,-0.0949307091392676,2.641432521644329,3.6014560915609364,3.759545691069108,5.378007088110328,2.626193539874759,2.64642810784364,7.002926579665174,1.9432558668246667,6.975440236867012
104,7.058052625288253,3.002486479378996,8.47363055410413,1.2425273100058667,-1.7842923208867978,1.3631405109065249,3.1362463223032546,4.973731833668384,7.380586396201429,3.8406586682813133,4.21056849466496,9.548230723878874,2.2906622396554006,7.721770922223039
105,5.569195588987805,1.4428347131876251,6.386082772290065,-0.9184549048105124,-3.167261869137667,-0.6808247131483837,1.6735662903703,4.9765144775846535,7.407206346865815,4.128826160481268,4.82727960247684,9.944771303894283,2.079746973631028,6.731002406975261
106,2.956050934437296,-0.49248491018120755,2.9598420462413397,-2.879621555656295,-3.822134050388901,-2.7328365280151865,-0.2506067962627006,3.7783113853548844,5.5194093519168925,3.4879762398834937,4.394021804847847,8.085748501841355,1.4449875502025964,4.291811681368897
107,-0.2007823830758635,-2.2371401253089926,-1.0142268640574987,-4.07207488904118,-3.499794323412328,-3.985834775027435,-1.9665848565541844,1.684856508556871,2.2963079448182993,2.119215725642241,3.0230316987346786,4.367449701874172,0.5928417225817384,0.9958783885214824
108,-3.2381532982952304,-3.303071564231662,-4.6678705341190305,-4.148683788997327,-2.211469219518781,-3.8810269752929347,-2.9030430302037233,-0.789063713634679,-1.3524694621959954,0.36336442292021887,1.0090270955186218,-0.399974491086961,-0.2657760539563261,-2.409061649355509
109,-5.54507585893756,-3.42114047371411,-7.2422412634568065,-3.0883188774017722,-0.24451473047921612,-2.3252672451882916,-2.777928482985737,-3.0522485683816445,-4.456324908180742,-1.3831774360809288,-1.2286428772192837,-5.1656060293079475,-0.9649736606834589,-5.186877991258301
110,-6.676808645596787,-2.608392695211639,-8.236396852983262,-1.1996941990383714,1.9030880673852695,0.253457074275637,-1.6835106610670545,-4.580385836879756,-6.252153174437743,-2.7526310425506746,-3.2216143211374906,-8.860993036505956,-1.4054479504821105,-6.766366129000265
111,-6.432217459002311,-1.1460460143310374,-7.49396354813932,0.9747342758846577,3.6543934328048238,3.0366322582843903,-0.03981863811700834,-5.035582406572668,-6.375005394203326,-3.4754212717383894,-4.539104598876594,-10.63198366637943,-1.5515683094304862,-6.852294909124881
112,-4.885536311184481,0.519295915581282,-5.218582155815972,2.823134204681475,4.5152415543613635,5.088896273070579,1.5625436642256152,-4.336803031782102,-4.9235311461315785,-3.426373002362672,-4.875924967248907,-10.034186189892182,-1.4157508505487824,-5.476164778819542
113,-2.369243243180548,1.9162857512558227,-1.9207772473469615,3.8449913886689298,4.219257754207582,5.679481010371772,2.571504545882874,-2.6691303960608734,-2.3932772481607554,-2.6431152459983998,-4.126719839019106,-7.149345191098243,-1.0426530762021464,-2.979608673568755
114,0.5900847190621441,2.686360789005417,1.6915945432235353,3.79287123067672,2.8123155742441317,4.538193784711957,2.6602222949277565,-0.43353276169815674,0.4907476977854407,-1.315042194462721,-2.426795857395975,-2.5903174834738616,-0.5002004774031987,0.06528618911030913
115,3.374771814297853,2.6775107485994645,4.859390180399535,2.7339063111493944,0.649151614535958,1.9557968198345022,1.8281468696317642,1.8493696927199765,2.985751803283091,0.25618730299795034,-0.1414270988381289,2.6176014721026406,0.12330450407756505,2.9831420351584836
116,5.401905310447239,1.9698725457048825,6.928500548804656,1.0157663698365553,-1.699784010334037,-1.3059387833051064,0.3859627462722075,3.65962252156456,4.524521813124297,1.7196531261340884,2.2043955209843284,7.263133363943967,0.7222926860633804,5.144314843401348
117,6.248415838979919,0.8310854090563419,7.486506079776667,-0.8484494983023433,-3.6062266742446316,-4.262056410007947,-1.164304695284345,4.596142023368049,4.840328796783103,2.7513106234659914,4.046732640129749,10.237153397026084,1.184180592366708,6.103808193428749
118,5.7475509841687185,-0.3793730838838766,6.450687659718215,-2.337981558835036,-4.561468823792155,-6.02333416848108,-2.307193890115792,4.467005515243932,3.998298567894709,3.127712782966283,4.9265206352132775,10.813295096612283,1.409464015099654,5.698212621417574
119,4.0314505468405,-1.323764208041789,4.085876179452048,-3.075281806007669,-4.320881181784946,-6.077319412103112,-2.6857872821888473,3.331385181372833,2.337065664445377,2.7794551998675083,4.616724131531235,8.845251364421827,1.3378203147045222,4.076960859961597
120,1.505079970575288,-1.781702463787949,0.9446604332655891,-2.925019278807329,-2.972156071022327,-4.4392798822075905,-2.210039566574676,1.4826872481213234,0.34844466706103755,1.8091670584688504,3.1930660228532597,4.8205245374032755,0.9710840072348984,1.659478062378373
121,-1.2464629916668095,-1.7004174935721044,-2.259409482601859,-2.0144909132782436,-0.906459487620105,-1.6289100289871334,-1.0694728604503236,-0.6243129088660129,-1.464425726853394,0.46690029573543645,1.0225569865969657,-0.2535305867113393,0.3826724466545976,-0.9714533715556398
122,-3.596924136947024,-1.1887036760195056,-4.817478439681754,-0.674373635707511,1.2987489602193583,1.5108025752724823,0.34692063504520687,-2.485784885837415,-2.7105101730463574,-0.912774060850638,-1.331686335716216,-5.108085750047654,-0.29340002722121433,-3.2130256880696706
123,-5.029782202074559,-0.46231219397523526,-6.190262630260042,0.6765300555441383,3.0492549715668225,4.085069590900494,1.589680361834606,-3.6732873787426765,-3.187391715844333,-1.9963425804306094,-3.264253246364537,-8.548043175777291,-0.8937221947872024,-4.585779264119532
124,-5.261850699764071,0.23664446668992883,-6.131113956767392,1.6629528212399034,3.9040180948302816,5.417015881888397,2.296064714265559,-3.9386299842485273,-2.8996271658803736,-2.536671021291814,-4.2951471324019055,-9.770212786330742,-1.2689860519659806,-4.841005149664802
125,-4.306787451014377,0.7174666089985142,-4.736078496830581,2.0592139106146012,3.6940864315872832,5.231370350232339,2.29660385565046,-3.2714148854998877,-2.0246886530984347,-2.4344848835211264,-4.201031237877014,-8.572345980227526,-1.3265914640047813,-4.006651922908607
126,-2.461761418587872,0.8909347510395896,-2.4084664202278425,1.838924497792246,2.5560767228945838,3.7025539522874187,1.650334345676011,-1.8935586026052385,-0.8442699648938644,-1.7588965511884382,-3.0703692031204124,-5.3916220739041565,-1.058442619802501,-2.3631270014576837
127,-0.22160974048200435,0.778853686977193,0.25207518363746856,1.1581475513680108,0.8735102041692434,1.3647488115522615,0.6045210441051311,-0.19231598777918973,0.3363874129897639,-0.7216331747540127,-1.2665600830260269,-1.1620657469309708,-0.5442716291111898,-0.35870401623484727
