,AF3,F7,F3,FC5,T7,P7,O1,O2,P8,T8,FC6,F4,F8,AF4
0,0.2058816746539492,0.26733995745575434,-0.13889993430541975,0.17164046001939023,0.15246781386380748,0.16811229093369562,0.09761890060063202,0.1194897226356581,0.36596647536536187,0.28780173161331646,-0.27403030518758537,-0.2841429412894022,0.11828315597678926,-0.3108316281269601
1,0.05850320741034534,0.10455780487678219,-0.04450049762259735,1.7301442657984953,-0.907052340986357,-2.4992590233061724,-0.029669707666200338,0.5270548835928763,-0.8498598868109928,1.513766033231902,1.009712668826442,0.5733866954086678,1.0696101187679845,1.9067975721297505
2,-0.07811425190855271,-0.09554905458502637,0.0655363319998635,3.1137038414845497,-1.8914297211305504,-4.909073180132365,-0.12764790370457033,0.8660400994352716,-1.9592282091498583,2.579464917705554,2.1350258799855872,1.3515337800189287,1.8747698051838273,3.9046049547160253
3,-0.1866203129668249,-0.3551301839673346,0.20457483940667,4.170537142052206,-2.724973115861335,-6.822505689144723,-0.1384019018936016,1.115693841610858,-2.856192457052254,3.3502463324674845,2.9697904840295797,1.9689175243277353,2.4078694121674222,5.474850128194961
4,-0.2580422494120871,-0.6850197240661614,0.37501730334253597,4.786161810355305,-3.3454294292536493,-8.05715314836492,-0.022347248919792173,1.263235625746907,-3.4623728381300043,3.7265977263253327,3.4194708016231554,2.3597717109257594,2.578164643924332,6.456432493260234
5,-0.29340856348720307,-1.0807859365435066,0.5662527065918375,4.896984994101527,-3.7089878689810596,-8.506759641049882,0.2342719265620197,1.3039049511882568,-3.7351872843429077,3.6561430644330937,3.437798898907378,2.4806026352655426,2.341934343339417,6.752365173036323
6,-0.30298768617451416,-1.5210008796890857,0.7557648198072702,4.49767884885055,-3.7935713990743234,-8.151622475997254,0.6162206994457707,1.2407158971834813,-3.6712200652427858,3.1398596877082343,3.031584929824253,2.315245345903827,1.7086045604530882,6.3404047734536535
7,-0.30330270525091996,-1.9681276063792565,0.9132277623951871,3.6414283191931323,-3.6001627781882517,-7.058554356173913,1.0809411358994632,1.08398487877224,-3.3044323201771264,2.231806869185565,2.2591232310374005,1.8777002986454783,0.7403540466056977,5.27558916609051
8,-0.3125864103839185,-2.372094460787766,1.00677267693341,2.4330379406471017,-3.152103534073969,-5.370622240655066,1.5647870459277644,0.8506060138799414,-2.6996539502579338,1.032453218555326,1.2224078784129842,1.212177234373404,-0.454812576605577,3.6842509913012265
9,-0.34570687271649336,-2.67626124593703,1.0101237536654182,1.0157824418077421,-2.492492625810164,-3.288177223740526,1.992838608110399,0.5629793846840787,-1.9424455841430255,-0.3235313564514158,0.05409592337456838,0.38993429431872084,-1.7357704398460498,1.7499766073528413
10,-0.40973280203013906,-2.8251154858490595,0.9090826158820889,-0.4463256556561735,-1.6799748513951187,-1.0437644345281203,2.290736878152541,0.2474823647022576,-1.1268870369814765,-1.6834792092876907,-1.099211690889112,-0.4971939539899811,-2.945301883854648,-0.3071053538985574
11,-0.5011836606211719,-2.772718106825987,0.7059388461523033,-1.7885981298244467,-0.7833316839903293,1.1257831801256117,2.3966548190953945,-0.06757223991969212,-0.343070578220078,-2.8948954665765525,-2.0953324712558516,-1.3462498927231457,-3.929425569558819,-2.2554909814021853
12,-0.6056497875667125,-2.4907052669477108,0.4207828343755665,-2.8655162339749713,0.12463530930011449,3.0065006706751567,2.2715045638290845,-0.3544335856331046,0.3339713748176318,-3.8233296414252727,-2.814226360718601,-2.054756836842683,-4.556657736311223,-3.8790733979383263
13,-0.6999575092631612,-1.974601995517963,0.08931039833146384,-3.5678504151407906,0.973400663754679,4.430350697687694,1.9057743249040824,-0.5886638628985921,0.8524770997765452,-4.367735348170579,-3.1728321220806044,-2.5331805401253797,-4.734765784918998,-5.002340147252533
14,-0.7565111420310777,-1.247348759933359,-0.24259251854160774,-3.834916709137552,1.7006565513766352,5.291506946100481,1.3219418063397705,-0.7518088584876692,1.1883755962568152,-4.471451987492496,-3.1350949399747714,-2.7166451656692296,-4.422825049197975,-5.510875897812924
15,-0.7489841889478506,-0.3592821754312043,-0.5265535620257953,-3.6604884882910476,2.2573866351108816,5.554186172902559,0.5721274411047464,-0.8335749521204369,1.345586497298719,-4.127545458242196,-2.715867471454952,-2.5742312855211846,-3.6369577541309783,-5.36453618664931
16,-0.6582423234815156,0.6156999241884716,-0.7203085423690672,-3.091731512657542,2.611614817310855,5.25154090670358,-0.2685925275242239,-0.8331038493053209,1.3524671426165957,-3.378021395144138,-1.978174578628602,-2.114391167681838,-2.448953726480163,-4.601533434952925
17,-0.4773065476921939,1.5875010412111552,-0.7955819870361566,-2.2214473168283644,2.7504738481404187,4.47631648944972,-1.1121223365865365,-0.7590349261733005,1.2551737001608347,-2.307255069710341,-1.0242293597274426,-1.3854787632162944,-0.9779254774044881,-3.332834821412287
18,-0.214313225452392,2.4598946395785948,-0.7437352068381881,-1.1747651524188987,2.680394536106081,3.365003984488397,-1.8689655943291859,-0.628226940283607,1.1090445716977777,-1.030735727476676,0.018561861604447987,-0.47103873522744694,0.623912029709506,-1.7275488424008674
19,0.10722744782973224,3.142051365863084,-0.5780324611908751,-0.09210718076660383,2.4254154820465224,2.0779499736082583,-2.459753163892691,-0.4632440220634663,0.9692765091313066,0.3192159270598978,1.0146938801464327,0.5197657529866039,2.189467130104464,0.008817220526674613
20,0.45108641398012195,3.5600183368486684,-0.3319708562607229,0.8893100600711055,2.0238276250866227,0.7782323695595411,-2.8249965300670428,-0.28894813384730567,0.882159638227207,1.6088072795562103,1.8384416175129201,1.4654891040056084,3.5566220775380337,1.6603932548800278
21,0.7735486506271757,3.6665847395398004,-0.05384068450656733,1.653024699657573,1.5235600033372667,-0.38794268521676417,-2.9317453974623735,-0.1287295210659308,0.8779958841432648,2.7172640285808733,2.390125371021351,2.247812137475979,4.587148360091557,3.0278757238298937
22,1.0303807661788935,3.4481204656688207,0.20160285242756376,2.1176672734177107,0.976850645149071,-1.3069835010871826,-2.776387607061717,-0.0010031594727394966,0.9665759169058948,3.5487755711186386,2.608602789940382,2.7669604335943663,5.182293299487267,3.9528533847602647
23,1.1843253838024759,2.927331042006583,0.3829102100699337,2.2462648869866313,0.4348118624395239,-1.9081460891644388,-2.3834750609524606,0.08342280598584978,1.1357583139202283,4.040692284484712,2.478357433408706,2.9549914453791644,5.293131654005073,4.336416764767442
24,1.2117728140607713,2.161398799303055,0.45140467043747995,2.0493713138513856,-0.05751107010668341,-2.167459933337956,-1.801070230810627,0.12263932869706531,1.3533055550473438,4.16735723267734,2.030308281650815,2.785056850886821,4.924517974151533,4.149753824240617
25,1.1073745488668618,1.2356101135472428,0.3886279722101067,1.5817220058611405,-0.4650702645713189,-2.1054356326430836,-1.09357982565843,0.12335093843649704,1.571714787610221,3.939560775314721,1.3363445000923795,2.275291879849158,4.132366777631977,3.4355615945485867
26,0.8857092497096353,0.2532070393625617,0.20039090331387127,0.9329931416012687,-0.7653596316840654,-1.7794467794795827,-0.3333074298032621,0.09905292003023303,1.7353807815267772,3.400148473916396,0.49846889717285475,1.4867448169734985,3.014894047995691,2.3003712722787766
27,0.5796204639819326,-0.6772539557299837,-0.0833552624986253,0.21403651461766082,-0.9493849483535319,-1.2722942769704975,0.4080071227002517,0.06699581838950816,1.7891023605235787,2.616725623063966,-0.36582012712980205,0.5156149685415585,1.6992366477366252,0.8990974135392164
28,0.2354206112452925,-1.455389270833617,-0.4128882912299633,-0.4594455334505146,-1.0210756851127718,-0.678819244261061,1.0665652300387223,0.044501680108357373,1.6867506792741165,1.6726442047660697,-1.13977849956046,-0.5191228129399067,0.32540944664477295,-0.5858974120061925
29,-0.09430303482242544,-2.0015424303853946,-0.7266582640697945,-0.9835066736631936,-0.9953460275567909,-0.09250221618081095,1.5920285517923218,0.04534041183439245,1.398895666094329,0.6575138868831759,-1.7229912381007741,-1.4909908091855748,-0.9702086755662966,-1.9683113485502883
30,-0.3591269642575037,-2.266738680285991,-0.9615225944816165,-1.2805646468696505,-0.8951618549059459,0.40621213101956044,1.9507963037554252,0.07688181846070528,0.9183384284599063,-0.34164126904323217,-2.044133989049751,-2.2820858205982515,-2.0697623625881922,-3.0808786079468997
31,-0.5190933818847059,-2.2387081152066273,-1.063589858189432,-1.310033587873684,-0.7480582997183012,0.7585395338971458,2.1270386450868997,0.13859599451216742,0.2627926074413861,-1.247716020805772,-2.0692631246184785,-2.797798036957948,-2.8854583396312283,-3.794931389514918
32,-0.5514924707792277,-1.9431542913648496,-0.9978667550286059,-1.0735643311824437,-0.5825718719931889,0.9321554263612,2.1217884716985282,0.22220588008447895,-0.5256525919539798,-1.9988168000776954,-1.8046797979081641,-2.978241805538528,-3.3666077197302013,-4.03426003516067
33,-0.4549689736980115,-1.4400616430319653,-0.7550777937469174,-0.6142199850399018,-0.42500642309151176,0.9219928072587628,1.9505857828104374,0.31345766453296353,-1.3842268281974661,-2.551327734963368,-1.2942240366482174,-2.8049662695477555,-3.5017026532229587,-3.7818413244480187
34,-0.2502205193313401,-0.8154825932937961,-0.35447391039743525,-0.009744549216311127,-0.29685655611045575,0.7474219910788088,1.640242797248768,0.39514093301987163,-2.2358599276541846,-2.8808627167165564,-0.6116502827632491,-2.302200661575613,-3.31574001559686,-3.0790038640156396
35,0.022891357576590853,-0.16984360651656996,0.15790654168070117,0.6391073230081842,-0.2130843348103212,0.44664177437293784,1.2252701348074146,0.4507331893056243,-2.997441506001419,-2.9814398307825702,0.15059675373446255,-1.5326630296289474,-2.863601317762143,-2.0176000474982976
36,0.311405711202261,0.39571894797277213,0.7153201806324034,1.2235289014229056,-0.1813075349537673,0.06939215650932494,0.7444012557382863,0.467917115845921,-3.588927963224943,-2.8633498958423345,0.8944387983188596,-0.5887059771030655,-2.2207351061397924,-0.7266193160340036
37,0.5575646296309961,0.7932018356644043,1.2398313710551798,1.6427973827762603,-0.2018331777360135,-0.3308102668604135,0.2375058880407684,0.44124809429127715,-3.9421876379619474,-2.5502377995274066,1.5291166778817085,0.4198232157870009,-1.472615147251374,0.6447067543641268
38,0.7080457095272106,0.9599178606655139,1.6537854003701897,1.8193046792543042,-0.2683778884637782,-0.7038054874997689,-0.2569723320421046,0.37342409136933014,-4.00854959950962,-2.075880959679942,1.9822309527910391,1.3792551509010782,-0.7044438466782461,1.944963923420632
39,0.7226629823060956,0.8673762651043647,1.8914588066782283,1.7103464793911156,-0.3692673972863443,-1.0084252332631205,-0.7040513613560554,0.27489067655495364,-3.764234637744172,-1.4810490586660183,2.2074616245239103,2.1854498950041807,0.0076496371663420165,3.037485989247985
40,0.5811607432230155,0.5256369752259034,1.9090832782365854,1.3149815319800244,-0.4889026994602821,-1.2161015540291318,-1.0738028605302479,0.16184268052644252,-3.213159323254514,-0.8106886456909934,2.1881523801912075,2.7551470544554295,0.6030513005573909,3.814222103912009
41,0.28703200300453097,-0.017500104363412226,1.6917096607479543,0.6749616130363979,-0.6093146654502185,-1.3122899087780289,-1.342613347279618,0.05299635907406916,-2.3869573983564027,-0.11152731973120208,1.936625358583391,3.0340355044861997,1.0403464578667838,4.205191126808835
42,-0.13223396705902526,-0.6824373260686452,1.2558862981647443,-0.13043782514554753,-0.7116899868673725,-1.2958853895091236,-1.4942019887400726,-0.03425609219649552,-1.3423929677546396,0.56993614725837,1.4897431850208462,3.0008160801972807,1.2983091658108281,4.1828765112866275
43,-0.6285129773444342,-1.3681459552023048,0.6477815618301972,-0.9950017306870363,-0.7778191278294251,-1.1770667478313297,-1.5204200151617306,-0.08757434149114467,-0.15659318534050132,1.189179670425227,0.9017569562106991,2.6671376556084856,1.3746362365818652,3.7616253942410487
44,-1.1395014864668027,-1.9656575091545334,-0.06292339453801572,-1.8001251899603328,-0.7914680217615674,-0.9741513241442479,-1.4217817414950809,-0.10255248155709408,1.079325210028932,1.7053121722218891,0.23580025532254956,2.0738525138127266,1.2831048064372987,2.99273391732934
45,-1.597288737978887,-2.3729424823352483,-0.7924171156757536,-2.4313093653714364,-0.7396922319197815,-0.7100819180959996,-1.2076182343357478,-0.08416261062258135,2.2676214464729885,2.0827971357171817,-0.444530707367307,1.2844775724292044,1.0499124757462077,1.9563479906916474
46,-1.9377634803393162,-2.5092164085065694,-1.4539955108672553,-2.7942914225426456,-0.6140910188925329,-0.4091077810738639,-0.895724488215041,-0.04640342226874558,3.311715791287185,2.293349668141412,-1.0822371209108095,0.3770060617754503,0.7098857073568889,0.7515347341000564
47,-2.1094719086409315,-2.3267430520789563,-1.9695012518822623,-2.828530676635023,-0.4119496854853102,-0.09409088202329652,-0.5113991042505506,-0.010104747516654182,4.123899883622513,2.3180057803679577,-1.631720542896122,-0.5647341089368116,0.3030483742669949,-0.5141248533503936
48,-2.0806566587677913,-1.818494519773394,-2.2793396459090376,-2.516136196555285,-0.13716199891457415,0.21530435639216344,-0.08584521402660485,0.0008299870717704239,4.632543967739945,2.1492288230645746,-2.0609417760722466,-1.459119389622671,-0.12821792908985838,-1.7342730532287143
49,-1.8435091807336825,-1.0205487464518919,-2.349717710741535,-1.884961108591779,0.19921811212578625,0.5034643448223091,0.3460074396866603,-0.03584012522878044,4.78839351481424,1.7927858250756956,-2.351088932589564,-2.233393551110145,-0.5414509726434387,-2.81202428531229
50,-1.4151026673287126,-0.008789767890689592,-2.1762100716713375,-1.005410412249929,0.5789594310143469,0.7588178817953058,0.7481124039406195,-0.1357788995342081,4.569525040127104,1.2690298019774058,-2.494369708581541,-2.828532056183304,-0.8960470380212299,-3.6662841049351123
51,-0.8349659052854106,1.1097666111618694,-1.7833148746600036,0.018608771082832,0.9773105621694331,0.9731903262759113,1.0861395290832707,-0.30386587631368384,3.98449953308516,0.6131932215884051,-2.490836441457013,-3.202226530334475,-1.155166798938021,-4.236040639912184
52,-0.15973497131622347,2.2099706514043698,-1.2202372681712015,1.063349154312715,1.3644092998317114,1.1408191707986317,1.3302941892385551,-0.5315133592228516,3.0732606823989537,-0.12564999984765185,-2.34522744968608,-3.3301758969134694,-1.2878584969337346,-4.482785497014778
53,0.5442856791624375,3.164205286046015,-0.5536456132078209,2.0016141045366442,1.7074301882702039,1.2573459584843303,1.45788914744051,-0.796106764644568,1.9054135371926533,-0.8871642197830775,-2.064664081058849,-3.206028993257025,-1.271482278114886,-4.391361851382403
54,1.2095589514362919,3.8586709187723804,0.14147981605900944,2.7196199833968273,1.9733473210039894,1.3190617285512698,1.4554606024868932,-1.0628354525198822,0.5757037946912403,-1.6038913138044508,-1.6577268653795056,-2.840365572322696,-1.0942944475506504,-3.969569077737399
55,1.7755561747621496,4.208111373434483,0.791587855245628,3.1320123797565182,2.13208172423293,1.3226007064876009,1.320255433785226,-1.2887895509895309,-0.8032103011145342,-2.2067418739182436,-1.1350258891947058,-2.259046953121995,-0.7578341123295549,-3.2468005210010644
56,2.195687240097051,4.166975809335116,1.3335632842583207,3.192980134602049,2.1597150345982783,1.2651647963317936,1.0609535323972508,-1.428812218385458,-2.1102740531689466,-2.6314029045500202,-0.5109728451057681,-1.5011511277202296,-0.27860985977067904,-2.2718896994868687
57,2.4420321550933908,3.735466479887457,1.7218459919911986,2.901957208592326,2.0414003044464937,1.1452392126438975,0.6975233180809386,-1.4422844199930065,-3.227088822787319,-2.8250339607976405,0.19385739816888714,-0.6165781314759039,0.3114420915128605,-1.1102342040811144
58,2.5073249017200308,2.959599938763932,1.9328154611261552,2.3031544486301705,1.7735985869421484,0.963646748372171,0.2601425273886339,-1.2998381792493843,-4.049472499685763,-2.752507599406672,0.9505548652183692,0.3366825654720443,0.9661439247934985,0.15980196598878263
59,2.4040358120317085,1.925216849113987,1.965985098227802,1.479014662229133,1.365321405561427,0.7247017938408614,-0.21284028606558114,-0.9889742685580812,-4.498329532124357,-2.401437959199535,1.7206592946631518,1.2956600858172391,1.6280872529040102,1.4512143665270776
60,2.1608000408615773,0.7467062025753729,1.8419798376123024,0.5385192300557348,0.8381606262785608,0.4371804915355121,-0.677862056343436,-0.5176967149579855,-4.528599072134988,-1.7853335899839557,2.4564941676357774,2.1958857178685123,2.2333462110983375,2.6733677411844394
61,1.8168011452624555,-0.4480457488255116,1.5976938275921955,-0.3980173442700662,0.225026030593478,0.11483070876573266,-1.089881962159942,0.08446008641656867,-4.1351632694202465,-0.9443850784222219,3.103352641602346,2.9751698362089316,2.717466485231312,3.737552648777124
62,1.4149976193973488,-1.5344181450182317,1.279398543288859,-1.215541038161018,-0.43233289720398715,-0.22379510105061415,-1.4066444435242735,0.7682846900728573,-3.354855752622134,0.05637434327374027,3.6034927979546225,3.5774927970257275,3.0220636823775475,4.562842484476808
63,0.995240724236352,-2.4071905985767317,0.934849623032919,-1.8199175694798715,-1.0867941579663085,-0.5563006761390465,-1.5931002031839592,1.4694998163729363,-2.2640995215801087,1.13154110421995,3.9015610318633867,3.9567477097840977,3.1012298393965416,5.081901168854235
64,0.588352396533582,-2.9937633453062373,0.6055848370480985,-2.150456782983793,-1.6899696848313654,-0.8581917049294757,-1.6255317176292594,2.1156189341702154,-0.9721894532695263,2.1821899027134224,3.950793092774386,4.080030900363647,2.9269414909736775,5.246320082406097
65,0.21210688092932514,-3.262555424755868,0.3205923890271812,-2.1875315542523963,-2.1965213979061553,-1.1052633750271872,-1.4948909910649644,2.6342079698616874,0.3892431348901955,3.1045947478077114,3.7191921432144706,3.9301920880208283,2.4927890347542894,5.031039783126966
66,-0.13020436627082604,-3.225339989451048,0.09235009553332763,-1.9542032673490979,-2.5682290477005654,-1.276358410673308,-1.2088738061777118,2.961500467978955,1.6795645080544568,3.8001065268493526,3.1948686703438978,3.5074289902934455,1.8155814389546525,4.437440784320325
67,-0.44832926769987996,-2.933148450069763,-0.0840998247730252,-1.511613134124625,-2.77737851171485,-1.356123249248955,-0.7923323265876021,3.0502552688906506,2.7638827637105257,4.1853093079536325,2.389826664330028,2.8298150667820887,0.9346729597266074,3.494757799877817
68,-0.7609030742293978,-2.4663406519220383,-0.22883674488231195,-0.9487989192308198,-2.8091173668248772,-1.3373392758774723,-0.2857700245738655,2.875846069627079,3.5276089116072824,4.201477743617721,1.3416538832809253,1.9327482041492567,-0.09085308737874553,2.2595670445116176
69,-1.0892370432617002,-1.9203547414825675,-0.3718298492132728,-0.36842352655432514,-2.662544861206789,-1.222421682667182,0.2581343822525899,2.4398114289976633,3.88922259610787,3.8223324538406174,0.11278496904734805,0.8673753728554862,-1.1867791271132688,0.8132052025322657
70,-1.4501062776086318,-1.3893673052285143,-0.545614261123234,0.12947120807191417,-2.350450331226271,-1.023763095368689,0.7797802339473499,1.7704306985103098,3.8097934712964485,3.0591519647795065,-1.2127678056179316,-0.30192204349377666,-2.269623169174713,-0.742896850297406
71,-1.8488509889852858,-0.9504818343973511,-0.7770940556122848,0.46324798595755945,-1.8977684639722547,-0.7627443412438061,1.2192195588753407,0.9202732466363709,3.2981300470906745,1.9624592978297701,-2.5350909209979258,-1.5008923132833782,-3.253233794311952,-2.2938327144118995
72,-2.2741477061130597,-0.6510390419488069,-1.0798977290661749,0.5825932465962566,-1.3389616781520957,-0.46742535314119377,1.5233584354892604,-0.0389598774618155,2.4108689417759126,0.619763460299637,-3.7460989400810236,-2.6495344524621713,-4.055584909431075,-3.7194799718887763
73,-2.69561089776593,-0.5011892954555921,-1.4486858163886678,0.47656987332212053,-0.7146517774593165,-0.16914137689110434,1.6529164155819085,-1.023668902198747,1.247335460578022,-0.8508046270853502,-4.7387441771114105,-3.666864748027135,-4.6053049191105515,-4.903893936892386
74,-3.0649692631006804,-0.4730435166154022,-1.8565469555507172,0.17551171091262083,-0.06789278101593137,0.10156974647037594,1.5882017288147123,-1.9468085902943548,-0.06044509382211625,-2.3106872417556508,-5.416942737891002,-4.476171339789948,-4.847538120630704,-5.7451437379766075
75,-3.3209863446304393,-0.5066523595810287,-2.2561562134785005,-0.253612746504919,0.5595013673138339,0.3191300338199822,1.332810789025973,-2.7265988906833654,-1.3616771000271997,-3.6141818419356184,-5.705311560729191,-5.010529370169869,-4.748786465571532,-6.164753076259487
76,-3.3976565241477408,-0.5219293971407808,-2.5847813484002753,-0.717750858645224,1.1301878427171406,0.4665187124360501,0.9145448016484565,-3.2945416518859734,-2.5032996254976876,-4.623618488184601,-5.557742301035458,-5.218263763612435,-4.300416866002565,-6.11582716688641
77,-3.234611417323912,-0.4346203539477186,-2.7726019772614547,-1.1127034921025822,1.6137729292278917,0.5376762901352995,0.38314818431659514,-3.601915596973973,-3.347361373519015,-5.2248789001097435,-4.963856472158553,-5.067957486798992,-3.5205492817074218,-5.5889502163054505
78,-2.7882191143312918,-0.1736962521851787,-2.753250705176869,-1.3402279759533609,1.9883403998020586,0.5382320674108467,-0.1951101721527753,-3.624131732785978,-3.787374225397753,-5.341484575921032,-3.9524982997362157,-4.55252792216147,-2.454076493484494,-4.615040650521664
79,-2.0416321073033,0.3027604226873526,-2.4750817532075717,-1.3247130554958806,2.240974760442005,0.48432967824537815,-0.7455182625604744,-3.362591095212533,-3.761750336262053,-4.945456109624858,-2.591630752209758,-3.6918598400304394,-1.1706298840019325,-3.2645690181200164
80,-1.0120870529110504,0.9959401443861524,-1.9114849833831102,-1.026847559860398,2.3673665399175574,0.39965728566278536,-1.1947123230093164,-2.843959691626011,-3.2626266191000646,-4.063348015169594,-0.9843067433641196,-2.5335171372092478,0.2395816302684832,-1.6428779965772609
81,0.24592091067088256,1.8611021041586913,-1.068620048272248,-0.4521099793737459,2.37070395085446,0.31112805742389954,-1.4808688504307417,-2.1170328016121833,-2.3387862733546667,-2.7763000017171966,0.7392211154454118,-1.1511686004662618,1.6719656088834856,0.11823040186726676
82,1.6424247120235387,2.809941901168223,0.010761114514941774,0.34735596135563207,2.260126029349162,0.24392818803845928,-1.5628114811097704,-1.2475825289118783,-1.091981155758139,-1.2135889583034454,2.4327449672541306,0.35945087324116176,3.015472456351091,1.8720118925552482
83,3.0588851016021166,3.720508643489268,1.2482436665305414,1.2779524106747926,2.049028371837086,0.21679496146609628,-1.426603260129678,-0.3117559474386533,0.3333032337673464,0.46004660650876406,3.9477451503307,1.8869790431701892,4.161729254042711,3.470339040658103
84,4.359627218474825,4.453446895054943,2.535645259080877,2.2163513079444086,1.7534779211206488,0.23837560631423857,-1.0884950746752966,0.6112921133978559,1.7657887818733469,2.062198948007266,5.148085624642887,3.3129220292553083,5.0146418810680675,4.777905329693733
85,5.406564292893222,4.872305718044468,3.745413502252135,3.0261799021510036,1.3909215319796802,0.30535057231391294,-0.5936072957665077,1.4467940165679398,3.027416801473804,3.4138138183194555,5.924148132973136,4.521579385048198,5.499558179400319,5.68550236180046
86,6.075438356267563,4.864955322199798,4.744423693781895,3.577354439044852,0.9792830974303154,0.402712463049443,-0.010353999455830954,2.1310681711524744,3.955149989865093,4.360966259161216,6.2047180939925735,5.410519150861354,5.571003888839929,6.120826275356975
87,6.271519145294662,4.362891905505249,5.409566264295994,3.765317008302074,0.5364544605127678,0.5062246731732946,0.5787255307029726,2.616880489184399,4.421883723328711,4.794614752273481,5.965097480035004,5.900549349628723,5.218044493240665,6.055512348480446
88,5.942691654826941,3.3554348105721608,5.6432064774380555,3.527395737624328,0.08011006340956185,0.5867033737343136,1.0884908445888855,2.8769755421932293,4.353721601861696,4.665630163301914,5.23031939258934,5.944077519662217,4.466508908611311,5.507531654525266
89,5.0881355399388495,1.8964954511213896,5.386538062415579,2.8538764021600347,-0.3722775895654605,0.6154366022399291,1.4434458167134823,2.905488459582274,3.741187331073912,3.992859655127036,4.072928063159772,5.530838518117416,3.377626683875112,4.538652591331361
90,3.761319580543271,0.10262473730477892,4.6290467170764025,1.792089596604139,-0.8033708189924021,0.5698317056407252,1.5889159213524602,2.7171869071555634,2.6426301999083277,2.8628030613022672,2.6054785889419767,4.690200866050124,2.043038972244343,3.247288666074838
91,2.066729825047697,-1.857727872785367,3.412724788013728,0.442777507478635,-1.195994956749056,0.438308616945468,1.4994813602299524,2.344734076107488,1.1790560692270657,1.4205495922107978,0.968595224956728,3.4896074403476804,0.5765822487217819,1.757628916935416
92,0.1505273561193939,-3.78256576940409,1.830285420504811,-1.0509285411238716,-1.5333792369871544,0.2235497683428256,1.1833595693123233,1.8343741431163214,-0.47925102397537916,-0.14719909094269512,-0.6839977259906611,2.0291264164411276,-0.8963553100886953,0.2063952121495263
93,-1.8139077805625747,-5.460044287576915,0.017344144020289803,-2.5205626420382488,-1.7996761481306578,-0.056532980083520964,0.6820039492661775,1.2405923615139027,-2.1328222606662455,-1.6350747984151328,-2.2016746049101728,0.4325342131549157,-2.2507995419694615,-1.271171725447432
94,-3.643939844822067,-6.694479179049379,-1.8607168085768653,-3.793209868128659,-1.980761100172402,-0.3703895301766113,0.06487898479120284,0.6203758600302288,-3.5773625509604443,-2.8451211224858035,-3.452400329387299,-1.1642291468166692,-3.3742025846056194,-2.5544633921665865
95,-5.167084833628966,-7.331262513439532,-3.625805682720744,-4.713476000908066,-2.0652511816662242,-0.6768398389259902,-0.5799204394051332,0.02769416741815111,-4.629291590507817,-3.612643708594785,-4.3357059649017975,-2.626054409989837,-4.17720972423627,-3.548348741207631
96,-6.239598220660638,-7.27737889019053,-5.106180795284523,-5.163623573712152,-2.045631204200808,-0.9309596892117988,-1.1579256118662722,-0.4912626944875655,-5.149174091719065,-3.8284044787463647,-4.791709748205484,-3.8317220324464625,-4.602025104089738,-4.190644787200192
97,-6.762060350180827,-6.514753685720944,-6.1552976332712435,-5.079183974164687,-1.9193427397320302,-1.09098488465356,-1.5817221975864872,-0.9016890078129702,-5.059987706568393,-3.4541370630373742,-4.805299768864035,-4.6855969461928515,-4.627490341934002,-4.455631619989571
98,-6.690125898615175,-5.104574481985505,-6.668201233736193,-4.457947623098819,-1.6896777141443091,-1.1251821882143758,-1.783666760480297,-1.1823807682246517,-4.357832637772476,-2.52918492746114,-4.405240210374715,-5.126660764908247,-4.270357933453381,-4.353550770407479
99,-6.039172808002625,-3.1818850891212502,-6.593471707990646,-3.3611072424682953,-1.366322212154748,-1.0175995641622082,-1.7260910520626274,-1.3265042931348077,-3.113656977868102,-1.1671958555668884,-3.658597511659204,-5.133873381364129,-3.5826607470387586,-3.926498621092721
100,-4.882304153645512,-0.9410062390289797,-5.939234534763688,-1.9063646856057568,-0.9654197394619595,-0.7717378479166677,-1.407517971019121,-1.3409946809953583,-1.4657148841620695,0.4569056280542867,-2.661413800605875,-4.727272557976354,-2.645500403424968,-3.241490837491679
101,-3.341939206269976,1.3864746215912285,-4.772448983546671,-0.2538722562091024,-0.5090658716181236,-0.4114651363062647,-0.8639327749546959,-1.2447582381140212,0.3963672722255565,2.128176230203747,-1.526918697055366,-3.9647141103011743,-1.5599565103329989,-2.3816983842688018
102,-1.575987508239056,3.558433335766267,-3.211504303452049,1.413177115300251,-0.02420382849021672,0.021113801374308034,-0.16480474121373437,-1.0659057420303366,2.2540139021447465,3.618566589593736,-0.37274082003349,-2.934666687367267,-0.43612038097498407,-1.4369390063818952
103,0.23975635928370925,5.350325740526784,-1.412981647513923,2.910797666128126,0.45904304387116146,0.4706713060983479,0.5957367309047251,-0.8382701133630911,3.8859239324883004,4.71615050050358,0.6914341495904832,-1.7459397474673022,0.6185456103066372,-0.4944675667244969
104,1.9309081173362301,6.581167540384315,0.4458288296547713,4.076422397675782,0.9094965261603395,0.8759461148437002,1.3114855007732502,-0.5974848812979461,5.094937379634365,5.252978674340703,1.574478186686182,-0.5155816642957781,1.510246950208377,0.369028949279768
105,3.343189721458917,7.134123647104725,2.186531630838244,4.78822653183352,1.2973353289692489,1.17832345344819,1.8788489943513205,-0.3769346059690483,5.732275190136301,5.127959663000561,2.2117033398091888,0.6436090412118558,2.1680750920741714,1.0935311767815852
106,4.3583180919397275,6.969150154009161,3.648964131205161,4.979110809266086,1.5965689154802813,1.3304748319588617,2.211626357054253,-0.20393553240711065,5.716144272588792,4.321711162988817,2.56935362900759,1.63448994328902,2.5503762172912636,1.6394284103241006
107,4.905241349408662,6.126167369492315,4.707933918229459,4.643617615708889,1.7873187986100023,1.3037579351996063,2.2537557233225507,-0.09654737752134966,5.042321306699017,2.901266728704858,2.6454371590333,2.384589966868653,2.6475617357210224,1.9887189689759748
108,4.965484803593482,4.718483466280529,5.285382824821023,3.8370085829625857,1.8576549289836417,1.0932078235127454,1.988116066279355,-0.0614269948511762,3.78526230944115,1.0137733724716915,2.46703385974904,2.8517601060521147,2.481082126228244,2.1437709641269933
109,4.572147961011825,2.9174699325008824,5.356634698250222,2.6667886339255755,1.8047714068196223,0.7192695119910866,1.439972156770374,-0.09308205401697095,2.0894399946080178,-1.1302679699750973,2.0846007686411174,3.0259550744534875,2.0987814617108653,2.124019895034673
110,3.8029344355431918,0.9306311455642761,4.9501889803244215,1.2779674229193725,1.6353515456908256,0.2258855418171898,0.674397617421988,-0.17474951285513865,0.15185609589855073,-3.282268123388421,1.5641207641029815,2.927175618389329,1.567335097208455,1.9612128759888965
111,2.768368971675278,-1.023956457064784,4.141379418151594,-0.16584183452476564,1.3650575310473725,-0.324907573865208,-0.2121028868734971,-0.28091387351204805,-1.8021505746885982,-5.186188277010653,0.9781576671580092,2.600114075874633,0.9628609335127856,1.6939576653706854
112,1.5969396171490817,-2.74345680340268,3.040996588531208,-1.5028898050243762,1.0171737371757072,-0.8611845781091608,-1.1046622160392348,-0.3812237144574383,-3.546745635579237,-6.61063032010042,0.39696083413588373,2.106454853027757,0.3610172457078672,1.362365610062734
113,0.4192157460360744,-4.063038982825532,1.7805639976124625,-2.5926104475879574,0.6205248808921804,-1.3110009252851298,-1.8859538423941404,-0.44530956777259384,-4.8834871705879905,-7.37818546396669,-0.11930321276759798,1.5160275625640565,-0.17207471797354765,1.0034859648652885
114,-0.6469977336020614,-4.872832565573596,0.49628729077483935,-3.33134284361249,0.20687132075042733,-1.6125014185935391,-2.4525996094487335,-0.4478060538628536,-5.665592725663147,-7.38813975960328,-0.5263160897993409,0.8980653897885018,-0.5869145304508947,0.6480374713917822
115,-1.5086855337707321,-5.127210168137538,-0.6862639896330043,-3.6625975511787536,-0.19195445106452547,-1.7227677580418526,-2.729639971652076,-0.3727852829348328,-5.81536917458384,-6.629466783263333,-0.7988045052401189,0.31368784167465474,-0.8548801039467897,0.3186897138729962
116,-2.10554631274596,-4.845648128480772,-1.6649196824447687,-3.5808283952804185,-0.5468718823101409,-1.624062849045757,-2.680902138280553,-0.216848871150423,-5.332511258016443,-5.182313698424902,-0.9309815204768837,-0.18956302892169702,-0.9692810068301954,0.029873462353446404
117,-2.413183800257873,-4.1055785553444855,-2.369761656081009,-3.1285933569292297,-0.8340391081945697,-1.3265036870662974,-2.3137289631659392,0.009692909955628801,-4.2922421530319355,-3.207743325631127,-0.9344374421245627,-0.580694938227871,-0.9433334842357711,-0.2111517233903531
118,-2.441621960469977,-3.0286893330343525,-2.767330094318669,-2.38788243069932,-1.0367423339530657,-0.8667287450893361,-1.6774059188436081,0.28383016420252033,-2.8336952108184685,-0.9271128796201306,-0.8340357861889094,-0.8457285996894175,-0.805650132690813,-0.4024306822405919
119,-2.229827150128217,-1.7629061328562765,-2.860121822619674,-1.4671286615188714,-1.146499991840296,-0.3027366026018389,-0.855600228300094,0.572964489830718,-1.1403034153374558,1.4060917663586163,-0.6626205105930898,-0.986008679629336,-0.5941821567422164,-0.5451910865421153
120,-1.8373909755441606,-0.4627013140397856,-2.6819427103513824,-0.485900504960495,-1.1632914061782478,0.2943360510828748,0.04595506532349579,0.8396727832949726,0.5849363420023523,3.538109600204409,-0.45544640494501903,-1.014985148949366,-0.3497126397334279,-0.6419817030248093
121,-1.3347841863345888,0.7296162671198941,-2.290160028127996,0.44055541393128234,-1.0949290832735996,0.8502520231566418,0.9145889159961585,1.0473762574226468,2.1457921526732187,5.246111414033733,-0.2451871299953988,-0.9542081881105356,-0.10995187601100907,-0.695448809444108
122,-0.7936152606179424,1.6993370189543509,-1.7561856258451192,1.2148953467630301,-0.9556973860852527,1.2980000679104036,1.6463032096475334,1.1659939013134943,3.377059862870035,6.364579884673362,-0.05817428655409225,-0.829250529946567,0.09494866979105651,-0.7079197407835512
123,-0.2781384804431027,2.3698631687236182,-1.155585274377073,1.7677720348254824,-0.7644602860913948,1.586847931365029,2.159537222509992,1.1766489404524128,4.163525188122203,6.80344008828477,0.08777391784898175,-0.6661195134128671,0.24500796380572543,-0.6817285783367354
124,0.16108794585105451,2.7074586444199187,-0.5590715459842666,2.0634351853539425,-0.5424854762668737,1.6887796992181852,2.4051288525332484,1.0746540013386792,4.451287048427838,6.555756046310213,0.18389918873852398,-0.4884996053605836,0.33109625700622414,-0.620015947786582
125,0.4909139229951864,2.7202379895459274,-0.02534923424063289,2.1005253209147043,-0.3112404961073778,1.6014131841386314,2.371183176749295,0.8702955712760908,4.250310850748595,5.694332280055199,0.22967414691680343,-0.31593849032560267,0.3539753897821262,-0.5276143756143613
126,0.6966176630303068,2.4521464534210047,0.40358714937041823,1.9084186022377645,-0.09039517334451357,1.347071235004233,2.0823944080456167,0.5873128059058537,3.6283899275976603,4.358134003230114,0.23103515188406495,-0.16291179512461976,0.3222115594205898,-0.41162532246064953
127,0.7805256399160252,1.9732505106420994,0.7044894305072374,1.5400397513634818,0.10377983810764933,0.9682975422287666,1.5942274893736148,0.25934854750127573,2.697896384039043,2.730832715150549,0.19817406050717332,-0.038602710003058725,0.24954171449066442,-0.28140532436744636
