,AF3,F7,F3,FC5,T7,P7,O1,O2,P8,T8,FC6,F4,F8,AF4
0,0.04029508075673226,0.0025965979965530545,-0.012342663250759865,0.0283053762054533,-0.0013141760245989776,0.03225451841746826,0.05215940270818212,-0.11614511525864966,-0.10399624453539061,-0.11481414447977624,-0.07565182550345728,0.007180929256069439,-0.039694640659520414,0.009045725097070884
1,12.509618295900665,4.033105574815429,-0.30639813957915885,2.226356272043779,-0.6769284387173173,-5.689054073404854,3.065621434145716,-0.846200355748425,2.413121601366556,0.5170215904070367,9.081137867239464,5.732034855688507,9.099202121189697,9.097919245129335
2,11.347364373679447,3.65984634299041,-0.07450498004774496,1.6861074674630934,-0.1086250310055812,-3.299759561223345,3.2880132155463855,-0.38310818139868225,2.88388965603132,0.9825056749975112,8.639082131529978,4.732426673166317,7.652942919320843,7.692659912009321
3,-1.2062907035569868,-0.9864700427151223,0.39341797285005214,-1.3587992232477217,0.4558380854244884,2.8581574204032387,0.4135040168456269,0.03672274723276583,0.5272154779841774,0.09885902039125388,0.20582783809094934,-1.2021136596560345,-1.4122773160670397,-1.9957274824572622
4,-10.136664442153723,-4.8793764324680495,0.3788221760758508,-3.6571868298164527,-0.4523852865361795,3.4023171073617426,-2.7445377748953566,-0.5297253572960925,-2.563071091215744,-1.7647598617531775,-6.18674170157112,-4.443902756339424,-6.201206993463768,-8.15159729695865
5,-5.6284401102853545,-3.2221225943206706,-0.24876168627727077,-2.012914819117154,-1.2810118709731482,-1.1906712853544952,-2.737456397597579,-0.2797132760691586,-2.659423796237396,-1.4955373743650908,-4.527127476598338,-1.4260788297674567,-1.8845871179790086,-3.957173038071668
6,5.599277926334661,2.7739396529321336,-0.8233620869374015,2.93880785808032,0.3437196996173125,-2.4190590612198273,0.5446086083769494,1.894643506399081,0.8373018556741857,2.0685703080489617,1.096373463299481,3.236049094425532,3.8145596820157395,4.565467091638775
7,8.674106889003074,6.470092814691782,-0.637346342319669,6.076994128819373,2.737978300948347,1.4732751271676217,3.131077220933618,2.8928051313474556,3.345973659383466,4.215493528628013,2.9653096102232386,3.0146056072567426,2.1265350717153044,6.535407168921156
8,-1.1554167747824033,3.0900860918822604,0.3712060103433779,2.747785236184202,1.6594335639284052,2.9523929383156187,1.6031554758606401,-0.35706104921965587,0.7606703075398079,0.133330271593235,-0.6551358803491941,-2.228805735516435,-4.701360041847363,-0.3187672089302238
9,-11.848250102750496,-4.315564575415379,1.451081972190801,-4.7112944895153515,-2.5441788508940455,-1.2318003312634058,-2.218319664899443,-4.679407568011939,-3.9224595097767776,-6.2018313794137345,-4.115269232410392,-5.891153515331681,-6.728282251270922,-7.083428994562428
10,-8.774858454692126,-7.636007409106323,1.3807048842086154,-7.937364280371364,-4.0479971139519355,-4.107707174584304,-3.4446881118953008,-3.9085615595856513,-3.8430657849435748,-5.512931828258588,-1.8528081766617122,-2.6024243334774986,0.11133637811949496,-4.962477895022804
11,5.984441949904185,-2.891976937387021,-0.34102691124018897,-2.416397211930185,-0.0850667809954826,-0.3771236249660854,-0.7012937667273061,1.8034921500445142,1.808350141284531,3.0638929702603153,4.359019431983339,4.7290540056648265,8.303513541192439,3.5545284570860365
12,14.51534533694302,4.66156834150313,-2.276832572395801,5.8643257887233915,4.26732483130153,4.476453383314359,2.4176377320456908,5.460201519986199,6.070902613283569,8.94663262418074,7.083261803630821,7.683214999329718,8.156029869693894,7.882262798238433
13,5.87845213377624,6.423449478888625,-2.0733595791087156,7.202968580522636,3.2748783185479873,3.030567834438623,2.7495138936049957,3.0360917044395195,3.8050733393294465,4.427620459797993,2.3027444631504137,2.410385734045724,-0.17921041434885623,2.8673938974428115
14,-8.578566712949133,0.9128427163826021,0.5196245938729536,0.3953751653131522,-1.4401685084896119,-2.713260339102452,1.0036390214498472,-1.5915375472516546,-1.8842131687854335,-4.610051290032172,-5.209015741045566,-5.431111989619631,-7.45359858736026,-5.0521186577103965
15,-10.06234051183145,-4.475252698772332,2.72693766615811,-5.950888875637566,-4.046684782453143,-5.244244624167441,-0.9159306328703329,-3.354863563396694,-5.0053152531442,-7.523062831924986,-7.453887331082383,-7.44919294873135,-6.834559024579336,-6.5888688599151015
16,1.8578529730670306,-3.0892514591355056,1.960657296578286,-4.558047198118444,-2.5041385834121312,-2.226076215326281,-2.3320195528586543,-2.3402499207947773,-3.95123985860409,-2.900892389461423,-2.6590178771670607,-2.15960610834979,-0.7173253538776962,-0.8287489244805838
17,9.1811922698866,2.6250136762221277,-0.855608682658024,1.928505319498337,0.6311583306424166,2.4723692203081726,-2.4218836723138097,-0.8457354800501393,-0.904447351240047,2.3764136824465436,3.464508657522897,4.375569660508469,4.144028034963251,5.055043573890439
18,1.5321690454099062,4.906745947596656,-2.419702770099193,5.33071975453533,2.906817417018491,5.063214963459311,-0.1336446685159311,0.9215556380555989,2.0385413139149318,3.828108785213559,5.121486021776549,5.948994481201135,4.337906967285321,4.989108042103017
19,-9.497092292479998,0.737233074392693,-1.1216488980579813,2.2599346560741527,3.444500020737914,4.278801446160782,3.0195087431592533,2.823044789045386,3.4921639859988307,2.606538067033797,2.1700330676264707,1.9540396428408522,1.192404566369752,-0.1036342511240248
20,-7.8283082086049465,-5.125500245669186,1.1859576722841687,-2.873518652823022,1.511779434624113,0.2347935059773001,3.3995202724980635,2.569876839689034,2.5423532516178673,0.5764686489046471,-1.5475521330140884,-3.1805821633200346,-2.2247060054870653,-4.639382855699145
21,4.501050446292727,-6.341968193306208,1.6666974998307307,-4.290347370581528,-2.3455076299041226,-4.748891509854854,0.1491320804677181,-0.6525030982375967,0.12187557021575315,-1.6858607639682037,-2.8161194951286035,-4.447780410402651,-3.2426921491985934,-4.300152040532674
22,11.543987148128455,-1.4584215759498385,-0.014312011831602904,-1.2812578624876176,-4.655450456886959,-6.210881320175304,-3.087397097528814,-3.2701982355531483,-1.374306727472948,-2.7308625984693475,-1.146189301939068,-0.8927493255858062,-0.8128083831875276,0.2220592093806272
23,5.518029622457752,5.373709462019145,-1.4232111814455066,2.4242951880519374,-2.2912254865200747,-2.3333946640409806,-2.935047101871018,-1.7398480261122928,-1.0555181849510273,-0.9621651132640692,1.651280311812059,3.269385652638393,3.1081750114888496,4.242021699489819
24,-5.035939724928244,8.038987960566436,-0.6576345047157829,3.404976895570213,2.6252048557388243,2.8847706871066334,-0.3990168324147779,2.08858351349597,-0.32679927701143135,2.1356574899960155,2.805791946838479,3.199847406479412,4.407500625151173,3.921055495048726
25,-8.41273360481617,3.6062089125271375,1.0270998898380241,1.2646407240222113,4.387846936939276,4.521464621935895,1.4256037303757843,3.3779532319415257,-0.26476325155565267,2.8762012136123363,0.8028389506915956,-0.7359121167359131,0.9508003518650707,0.1452464895272294
26,-3.195030648538949,-4.2622730235268715,1.06245318335317,-1.9191756112167873,0.9640943025707255,2.8342764889445906,1.577026655132036,0.7161023121140502,-0.4129128593954842,0.10870970038543698,-2.717953831475936,-3.59903660897804,-4.400748533777356,-3.0668049343785664
27,3.1199272452926277,-8.10875251238636,-0.5250387318112671,-3.3795354198762952,-3.223585968055405,0.9736490855479734,1.0972930579291986,-2.857247273551654,-0.6197581076812178,-3.2067601282386353,-4.166516965678334,-2.413509803764712,-6.3259202871809235,-3.3561436721756452
28,3.9709229353795963,-4.581355580978824,-1.1398467849229987,-1.709718417814899,-3.133327819068241,-0.7585905697525619,0.38340433750692327,-4.159786655832596,-1.379924426266846,-3.683547223069145,-1.8968243852304936,0.6812816768216755,-2.7453593945788315,-1.5949275285923794
29,-0.04371930289921705,1.9227917686978677,0.17977469971075458,1.6736564164036214,0.5692753208409157,-3.4261482284482976,-0.8168723180434604,-2.4114206396363658,-1.518203092773093,-1.0161506007981131,1.8950835152242962,2.4113233985809184,3.059570708973727,0.6799933584679967
30,-2.8438653233456366,5.099182050668624,1.1425172287654148,3.5517798345871086,3.1157746406202524,-4.485542554870716,-1.6300924959166647,1.51425609995537,1.2032762944990594,2.5592327651961773,3.8557154148648785,2.35901265391705,6.234819836927988,2.8037221213678323
31,-0.10246879194580909,3.958037630522597,0.036634002996989316,2.186778016159538,2.0935890693626544,-0.6732265892741411,-0.7224951966594588,5.358633738586093,5.4211285865687495,4.59185184199254,3.1094472174842425,1.5527353483314994,5.007799024820948,3.698203041965268
32,4.779840947632014,1.7337197133235294,-1.3289580216148598,-0.7783494008931753,-0.33235501540578355,4.891239359803987,1.393312492222985,5.666833955035815,5.637167382304781,3.6893858855753674,1.2268621752604356,-0.01594900851021879,1.053701282692056,1.8569953906580738
33,4.10947873594157,-0.02434626918028744,-0.6175742411328984,-2.3301368088052894,-1.352012346797403,5.155152573450664,2.4878868711667885,0.9885798577540533,-0.5898528248587015,0.15633148260882257,-0.505417331801901,-2.229510437610396,-3.0288622786423374,-1.987720488633171
34,-3.1917067574074265,-2.2754580013062666,1.1346552854386174,-1.628211546810687,-1.069755982040914,-0.64877917136959,1.0616495401856432,-5.066929566784456,-7.74483131178172,-3.7753109991500415,-2.1676970922669887,-3.252703333333435,-5.184401511358046,-4.300403844988668
35,-8.244473276476121,-4.436415666305986,1.2388633440363979,-0.6090251735271567,-1.1663908693586345,-5.340550837413179,-2.2004135512416068,-6.89218000907308,-8.340273206270464,-5.4553513920632755,-3.7149322662108046,-1.660335666825789,-4.400953436472394,-2.778040203506363
36,-3.9171386712643823,-3.969459951552531,-0.33595679783607313,-0.8343910091734985,-1.6946084569744782,-3.7901907434110935,-4.751789847430755,-3.214844584466764,-1.9226749924612963,-3.979885893497776,-3.9462565180179157,0.9435947457862495,-1.5863260408805087,0.43311542051567503
37,4.438652618151726,-0.5660014698418816,-1.1378664879685458,-0.918481877427857,-0.9150788405045964,0.936487215208128,-3.5696245161287274,2.1135693385313776,5.3234671390014805,-0.15304781371354803,-1.6249402662103898,1.8760897175901319,1.1830155968548008,1.7080202946963734
38,6.566007093674931,2.930853724223634,-0.1881393039600322,1.3085445208444093,1.823142929149145,3.420774805705363,1.9323202121854606,5.249697480585602,8.222228920910299,4.724369160286645,2.823115914973724,1.29395875182556,3.371296991620946,1.118002868390998
39,2.0358977705921673,4.52926750543757,0.795351321254268,4.466738052386901,4.288266986248394,2.8475418023177315,7.4446591809693246,5.216348989461406,6.24643546263414,8.211298656286983,6.805804267506939,1.4422146130321776,5.74072248283075,1.6759515447922362
40,-1.2205913332253409,4.536445753443031,0.3196571926823478,4.168768837392823,3.4074894564895932,1.3355432457242638,6.749154861952702,2.207606024916598,1.069563657826843,6.454500946300532,6.762899527633251,2.1435432077941434,6.4006167877544655,3.429510330947162
41,-0.7440200288345131,2.534728526953715,-0.7841191792427115,-0.8493853099194715,-0.8801025310275613,-0.4939427840446371,-0.7960465121181085,-2.8444293354023475,-5.156655093782292,-1.7367518440117018,1.1064106998717032,0.5156158334083047,1.3207841997920426,2.221129646582343
42,-1.5752882278593763,-2.5584418134935327,-0.8817777475446652,-5.7680166778271404,-4.745128092399913,-2.687596661365425,-7.91600985389485,-6.566813844655376,-9.117133342933572,-10.718903090271006,-6.887206730775995,-3.626144276297589,-8.130201158083606,-3.4751032256176573
43,-4.641649037649776,-7.875438905565917,0.18071952594489574,-5.357410756144493,-4.385993606025085,-3.455579774460004,-7.240459685996213,-5.150306503962583,-7.67842179998215,-11.890567488991529,-10.383505582403776,-5.665748620211888,-12.702010264268193,-7.995116363366961
44,-3.926629669662568,-7.173988439235372,1.161034117667597,-0.6536779175940509,-0.4358905552369208,-1.2323750505476658,-0.03996606731023034,0.5257767494539148,-1.2157133384102197,-3.1679307646020196,-5.462232706138031,-2.204979989541178,-5.76353001092108,-4.989980188158262
45,2.335466381114822,0.5585628411052984,1.0823649927623171,3.0845242279527243,2.842509845474948,2.060307840284071,5.664873076299934,5.028824444840641,6.080939269913247,7.98251672535755,3.8854821570102778,3.4899280666942847,6.588356997059863,3.306966220627863
46,7.121065605690108,7.479412826115941,0.10188777585771305,3.5467131637482754,2.7581894012663932,2.951396826033924,4.824775567149599,4.93480566001638,9.747875761148373,12.338844691854318,9.377649982191205,5.47822699934929,11.973840151924632,8.158552649208353
47,5.135187589863064,6.431345082685415,-0.94068902021341,2.725529587401345,0.8868164988177523,1.0667458754102221,0.11011569668247624,2.217683991133584,8.061080819428119,7.85723794925286,7.284238103015988,2.84456632724006,6.830619803478395,5.419927301745392
48,0.03376505830216839,0.530107622179952,-1.2961428127788597,1.8732247433114653,-0.050597216262601885,-0.7532365466480713,-2.9672935448826925,-0.09340639760649028,2.2046245619574556,-0.24417657224431066,1.4537162480273893,-0.26800576032964085,-0.9408216125457693,-0.1894841230794244
49,-3.0830067599748037,-2.197079711954527,-0.7626050897245992,-0.36338937423244017,-0.00808953504255619,-0.7276485171342503,-2.4521235855303867,-2.0307774927364832,-4.807704166815668,-6.142309003004161,-2.823648667758526,-1.3191613903747144,-3.9503817837162796,-2.85287920709237
50,-4.984732113699651,-0.7886336842666779,0.22218612427087708,-3.8416694276619356,-0.5754686164650425,-0.03787042678472444,-0.26814178985623316,-4.182749926013387,-9.308956460710446,-7.886004572290193,-4.732778353265266,-1.9126198233089347,-3.4729522705544684,-2.953314763457417
51,-6.69323495291835,-1.0436161746982864,0.9412926349012419,-5.085817689752695,-1.5753212554242473,-0.16779375760149814,1.3905869506996076,-4.463544178803902,-8.731738192104466,-6.274654876337042,-5.7909638731101065,-3.310952134922048,-3.8914946405978603,-3.716154707935348
52,-3.7635384362096427,-4.386742003147483,1.0566789284484615,-1.9566795464629287,-1.271117048019325,-0.6662441957294036,1.8694001173970165,-1.0906743941423458,-3.4127972464490064,-2.394823454671946,-5.078966909879116,-3.447870467629613,-4.670761915579112,-4.270894183102401
53,5.677317550207119,-4.9125929466272025,0.8094384828219329,2.564599164808749,0.34321407657105046,-0.547262520889193,1.2256456642089426,3.230822790827476,3.352528551812715,2.3489930016453733,-0.7267166785888348,-0.47553582199777167,-2.2308408947485794,-1.0688117672646453
54,12.452544891196547,0.6239664891535054,0.3963951311909772,3.9898351309396016,1.0913840399646675,-0.10537301480559244,-0.3665352789536591,4.207266232718689,7.581553614931928,5.578540811546129,5.140285849681599,3.439547012525593,2.978876481862196,4.814763307797892
55,6.416144856304279,6.65157837263204,-0.4658777747417207,2.0680616435347083,0.09628884991407004,0.03770850303032522,-2.001671502189107,2.0902472221091193,7.391231306507326,5.610777838071994,7.39870585798947,4.582536120022359,6.216284169714142,7.234454289138945
56,-6.958036434595582,6.38824843752665,-1.7695711891732055,0.17891359349366762,-0.6376336097381341,0.3559689318564854,-2.1197941479767275,0.6604393915600296,3.7699229068524454,3.337084028916051,4.360097903575796,2.506186037069662,4.99548983978581,3.2787021173466346
57,-11.425596699690162,0.8687061823954849,-2.3477153496598953,-0.06653605191273837,0.5027433375081369,1.3033037249899957,-0.3037521102973949,0.4840302506013102,-1.0376286880458305,0.6868445456773128,-0.29461855479231847,-0.17054388139414856,1.7580089762847844,-2.4482119363328523
58,-2.517855963015555,-3.6333333545580073,-0.8715834689777043,-0.4442350280461597,1.8854758593395258,1.7479940716270221,1.5836701317790645,-1.5813658349423199,-5.015508338905478,-1.937419182119132,-2.7810911001070986,-1.7351125113072636,-0.6782210532122278,-4.257535055709599
59,6.314383540337826,-3.8702747693467217,2.0552096954192174,-2.007408123262988,1.0967625988428902,0.3135597824451275,1.4586331449410812,-5.120421985006813,-6.1678988665566195,-4.457930115766811,-3.1265619025339846,-2.3966071511850884,-2.4009830488449246,-2.2770723999874884
60,4.145553652876134,-1.5880658672470378,3.79848293545856,-2.625934529131126,-1.1798284441620133,-2.184906371394431,-0.09945572755560832,-4.5046509223979685,-3.1067293288643016,-4.785794034473579,-2.833332436917144,-2.115280622558162,-3.774977116996161,-0.14765263163209028
61,-2.2995977943548893,0.4502251517485152,2.3425301021328617,-0.5447550659428348,-2.1784483393597696,-3.268574281855719,-0.7560994934930346,2.012877860974304,2.156510944000437,-1.4147881994674467,-2.0171209863474315,-0.6029129538067974,-3.454995188946669,0.6474070548890742
62,-1.7193446073361331,1.0677026810562436,-1.348102029741005,2.116357016852161,-1.1133771641931536,-1.6113247462994855,0.0479570399307803,7.162325733769497,4.297497908381829,2.542458411323243,-0.49711030752292573,0.8250339655527129,-1.1790013172928397,0.8605178138592193
63,3.2502719121321393,0.3925668865725539,-4.01760716628684,2.157227032432343,0.23978977365869583,1.6836638262048993,0.7164861623070394,4.1692282955943165,1.009057863345351,2.5439021003746833,0.9553447085472782,0.5770280411987196,0.7849791245591448,0.5629652604116919
64,1.9856470160424682,-0.7056055808057138,-3.183100706087616,-0.11840857491219245,0.5870011492995543,4.086013800497957,0.5215331250924514,-2.9269971789359204,-2.7561221497546895,-0.4035569206158765,1.8200631186578287,-0.31573820526437224,1.0954845376815368,-0.6186538990621243
65,-5.108823511981531,-1.0898606058094225,0.36616614914749807,-1.868189569302308,0.38531443085900513,3.3081570696121414,0.27526346480767205,-5.169244505579361,-1.3508194707624652,-1.0903207287473415,2.157617944180575,0.2271266119339178,1.1680044477710871,-1.7965128290038628
66,-6.456352634972587,-0.19359445675427647,3.1714068592324396,-1.7162710534688257,0.29313586410657877,-0.6430509721907495,-0.11024159988299911,-1.676048626825617,2.771394034372286,1.4237027487208913,1.4576179587592764,1.488925250981016,1.8700202387139395,-1.4826288078298089
67,2.0036561956248002,1.6186041760744299,2.6520527746752913,-0.0897471407857791,0.45531528359983675,-4.287533555808258,-1.5261362312845068,0.9992846036940519,2.8249963735301966,2.5506287506439658,-0.33694366869807446,1.1993621310204805,1.8402251406379722,0.7890676729918212
68,9.525199287344243,3.3294700046988353,-0.060173946883686893,2.563110341661354,1.0315144916809504,-3.5594514283847296,-2.682626566304597,0.5767221288502111,-1.1216724010034749,0.3770547170235925,-1.1358469667239808,-0.10046703490755582,0.7353932832788098,3.953700769561234
69,5.88270353228117,3.510756900050187,-1.6568742356697723,4.748655078155281,1.562985923153851,0.8995308898684697,-0.9001223010322122,1.2669667674590948,-2.289380057680375,-1.1961119493669528,0.6656979998100894,0.058227131855748696,0.3654417778309031,5.448961476093967
70,-4.336292351587546,0.9646155855940232,-0.8741776339701092,3.1962853622965395,0.5668209413622546,3.662482872189165,2.964391305516983,3.9636551728305967,1.1691139754992914,0.23940859365601877,2.489535083346408,1.2251702009753287,0.8960586798060434,2.633039886108179
71,-8.654036588509543,-3.7291066339748578,0.286606023042877,-2.888046334304977,-2.165270966338032,1.4243800502845265,4.184373309008824,3.239274659377389,2.848774904187556,1.185221301384306,0.4877794424655065,0.3421265613572687,-0.13176248994311965,-3.686054651863346
72,-3.171302682359443,-7.392056769393143,-0.05552732457431426,-8.337514805341952,-3.931419702481959,-2.4574165327721724,0.7451602324624608,-2.8479853376018736,-1.1430952519691342,-1.4511357503881026,-4.140843619046729,-2.8431197408127242,-3.245917547781759,-8.260990610585134
73,3.954433313514192,-6.266898831294836,-0.8841534784763545,-7.020401294764191,-2.248388913424512,-2.683690098280008,-3.1958897806262363,-7.505895323964476,-5.522088337240187,-4.5942244417477625,-5.939636415186407,-4.630626209448215,-5.277136569220997,-6.659791919172454
74,4.194721758293464,0.13623713143875812,-0.2766614433487478,0.35822676935404063,1.378897766162364,0.8161800056013393,-3.0357971515134157,-4.43352142912382,-3.9184764330288386,-3.548750913699085,-2.478590186182163,-2.428250365132818,-3.6688431088716187,-0.4969387375394879
75,-0.9661321024925486,7.370542607431198,1.2386001662987511,7.000437208748708,3.339416144889515,3.4177720011793493,0.024505759953852846,3.016560591809237,2.001536015298797,1.1110331937406648,2.927546954128385,2.0457677399445124,0.6369631091189455,4.994392098765949
76,-3.2270538144807754,9.282993646176314,1.4211471903354942,7.879742545535847,2.5773185769468747,2.3069710339592793,1.5902495592002133,6.64370936869669,5.722960833888981,4.765633995830178,5.911078022820985,5.1619449593727085,5.037861206063926,6.821886229487277
77,0.7496114504128338,3.9642411368779933,-0.11859298175370468,3.8092065597710127,0.9117912099777444,-0.6753079795307293,0.6903823259229215,3.792583257454606,4.3247975910340175,4.623756812624825,5.0487189028527135,4.748786157728392,6.851394988662742,5.1052030398606565
78,4.607462384638129,-3.695599414923411,-1.2988412144705046,-1.387234463553158,-0.25301186266833453,-2.4516646013504206,0.07698572338242696,-1.1827570159104226,0.24959574290166886,1.720113590954487,1.3851920734911105,1.1953117172607246,4.0369182580401795,0.8432757650653807
79,1.620398584949598,-6.762790784317129,-0.7377036321171333,-4.634825289023323,-1.0388450413952872,-2.1822571054885356,0.9026164587189246,-3.4506920345592427,-2.779188083351191,-1.3295694398735185,-2.6746276904843613,-2.8057966358195583,-1.820114077736663,-3.6986886896163833
80,-4.676382018611254,-3.8245837283453636,0.3969132084350539,-4.884869055366213,-1.6361838104205455,-0.8794348370188848,0.965843633447153,-2.237732072594486,-3.0530003055913135,-2.653193509603802,-4.237294102258675,-4.079808472738169,-5.057877971378904,-5.009981218086508
81,-4.8084059097496095,0.07037934232691495,0.4635277835013881,-3.019463776411293,-1.8181785969518716,0.34417550201721525,-1.0434389238960777,0.021154284642036746,-1.4883466976251851,-2.2001353989610086,-2.606552817694479,-2.2053638716522896,-2.875313080524395,-2.4291943584165536
82,2.473260314494732,0.6737816013797739,-0.2537187043867717,-0.6998060564261827,-1.4758471702643068,0.9542672364789772,-2.698595814887147,0.7989127305552993,-0.22769045056410891,-1.446702047380315,-0.5175690852659705,-0.061542569701995425,-0.0436314997997984,0.20018933969675412
83,7.104149654586883,-0.16852783694438295,-0.3640188835040019,1.376419220558148,-0.43738510164016,1.0904550354683298,-1.2877477598948788,-0.02966501556789502,-0.10599991264296321,-1.327272666853676,-0.24904561218172644,0.23916148811587168,-1.438246062183656,0.11559922254143662
84,1.6139961511952585,1.2941317498536256,0.3405713367222545,3.383699270592834,1.4234679391801803,1.2169546176717712,1.7572267729681919,-0.3430234411516796,0.17794441946993955,-0.6812982981444764,-0.060614668688255866,0.29106601266908766,-3.337148877854687,-0.18811335917630065
85,-7.203460896808139,4.0413699201007605,0.7270774477773229,4.524478331100845,3.094223942458839,1.1906158906367694,2.5828429058650104,1.0289302803193392,1.6458226812353156,1.795905954956841,2.3845820086966176,2.1722141371879236,0.6542742405792745,2.1884395587790055
86,-6.715494665459127,3.733841979300612,0.2227343683707434,3.1064964309039986,2.7280863430254656,0.33056064506760935,0.4136441817043473,2.085415441816527,2.910232360780558,4.420928563206414,4.778158510744917,3.982266011849114,7.536113540325148,4.746271585750258
87,3.2175125115316785,-0.36963958943443537,-0.3467412064650229,-0.8230170972945021,0.07209993009411539,-1.1380716520396952,-1.5135627558135731,0.44792632391166637,1.8759595748064095,3.6588629124275975,2.6468420075002785,1.897003972757548,7.475485790440331,2.921250654884339
88,8.610502168847285,-4.126230953534054,-0.22008956224446602,-4.512506887993561,-2.5420823666915373,-1.9360921735435064,-0.8285880885428303,-2.417141660436142,-1.1159609168514975,-0.9125211946938887,-3.288991345338638,-3.528382711467371,-1.4756217618703404,-2.725409990370288
89,1.2353276113409333,-4.31156155125304,-0.009165292871092877,-5.137593521304384,-2.7525092589130016,-1.5705639528603403,0.8470455507965939,-2.62771589546209,-3.3361403955940383,-4.9211689098988805,-6.627059600862359,-6.4934848248670916,-9.394776901407319,-6.635690762198841
90,-8.136399923136134,-2.1020984594294974,-0.5662593408726035,-2.4839714106650557,-0.925004708033304,-0.8086405699154485,0.786253578828702,0.3562623457739502,-2.8259740221562186,-4.1811939788220975,-3.402378995126809,-2.9892055149920598,-7.520938363995215,-4.92753609523744
91,-4.8319519105685105,0.10416337017083227,-1.1666497626130823,1.4012813632179364,0.6815448509955556,0.15803002769653385,-0.9127857922733899,2.589241974932348,-0.4190366851425363,0.0257156574807091,2.735003473889848,3.548495767421337,1.1508355839771038,0.8160709489661702
92,7.053800854516681,2.1278963175352583,-0.3134226323487632,4.182917935050485,0.9000033303291939,1.9416697967388967,-1.8321482321621765,1.363478162293159,1.632069270321723,2.8459323658501305,5.493972625929509,6.18647269142216,7.423365371915363,5.95565221704799
93,9.748898649685383,4.378340774123183,1.6507302907420776,4.444453041271686,0.5460671734639679,3.5351767847289706,-0.5585771566199215,-1.0000252831150827,2.111568317232019,2.243779498237724,3.446312419239913,3.025780819427209,6.91204726055029,6.824728004827551
94,-1.2803798476558073,4.998638647332378,2.4042524983734532,2.0871417177268636,0.5096321654471934,2.2620816379248674,1.7121144869533962,-1.1238203260897721,1.355626371036977,0.7067458252990422,-0.04785131674458385,-1.310035277125317,1.8823707817043016,2.825346273773723
95,-10.044019267406563,1.5852565521358855,0.7420744246795474,-1.447085463606547,0.49272983981776214,-2.0382982493267003,2.5299624414282964,0.38001368543437153,0.1878681036924862,0.5358820252920669,-2.279901812621951,-2.6097993415672627,-3.719214685434426,-3.241008049835496
96,-4.595205293729758,-4.37435363418429,-1.6390062204534726,-3.7377581652748804,0.19945504566279854,-5.0754351913123825,0.7919452347354726,0.7382391254815264,-0.6257168806811454,0.6698042187630079,-3.085683049924218,-1.8292620547967884,-6.7057018049491575,-6.759154481011826
97,4.9356594760055925,-7.498115612812159,-2.380905020545537,-3.2043756929409866,0.25037927626958323,-3.003949489316866,-1.8100976838500704,-0.1788433496772449,-0.5071012920591359,-0.5723845698089025,-2.5162122349826954,-1.6580925816819403,-4.94865361520257,-5.1208920897957535
98,3.370611028425766,-4.470030917539517,-1.284855044932855,-0.7332211415367135,0.6806044646761491,2.099403668606891,-2.413869693923829,-0.40995208970330926,0.08623788384774408,-2.3907986445143328,-0.5470045996395227,-1.8559515363284933,0.3203848363748687,-0.4853430178171386
99,-5.09056177797946,1.7121573459600694,0.17734527699173697,1.1126992794925687,-0.03001318554178119,4.451928307089894,-0.5076305373924973,-0.01743340192480182,-0.36850964367402694,-2.940471664260084,1.1643482202546624,-0.5686708751685272,4.148152672396294,2.7219376733875524
100,-4.3330492161288,5.368501021782543,1.111432666773442,1.0469519532131768,-2.4468332170539804,1.8200165263496693,1.2452738668737504,-0.7542928587243957,-2.053553403199888,-1.7663168376245588,0.9697109693907421,1.9662822171183008,3.472312265565216,3.11405333142214
101,6.8727250061677685,4.569561019328123,1.604363205897625,0.5277249233050971,-3.8421930923417253,-2.027523306330411,0.6887969644788658,-1.912978677767852,-2.3553003220167,0.6660950308459913,0.4958353841106895,3.6008077006752135,1.25170573824592,2.9511220100187874
102,11.916826064579695,1.6712625232659157,1.5315622918968308,1.2510154875357542,-1.1907042320148074,-2.5303668264615777,-0.6732714752567691,-0.581217492092767,0.7078589592612299,3.6858757965982605,2.2489439090273127,2.9918125444851973,1.3506621445858715,3.2106660625037553
103,1.6015150265294504,-1.0486007071766899,0.47659919985143895,2.0862666981117326,3.754420083506697,0.1340457235014201,-0.07649384211534362,3.032203057879824,4.376090627149083,5.262713372006346,4.202008152678652,0.5070711241185966,1.9229726786088766,1.5452922189556655
104,-11.766029407455013,-3.0183235114014635,-1.144514219081099,0.6887502165718491,5.567711200493344,2.024392964473391,1.8959431934803785,4.350925045919134,3.859384855128005,2.7933226533688753,1.6848562330469585,-2.4395303777276323,-1.017435130221192,-2.9084554924148667
105,-11.682942620123198,-3.311895516782934,-2.0447828000843002,-2.134375563087808,2.152416634194718,0.7857380232166867,1.8331795609902541,0.7220430140248929,-0.7921731802141736,-2.84724389633458,-4.574153992247256,-3.846022123987764,-5.496339363714326,-6.118438948428818
106,0.7183793480938512,-0.8387529979961609,-1.4858443992749182,-2.742811937620906,-2.3616178014587494,-1.7046178352949626,-1.122145822656392,-4.021723361621999,-4.20913443203512,-6.457490705733749,-7.52594783631778,-2.329966943088554,-5.404251622691629,-4.07612786633255
107,10.089559033329508,2.5610774270607632,-0.0621400240028838,-0.17797544421068479,-3.351404596668132,-2.1799234807806283,-3.3280914891910722,-4.315647267043525,-2.9243771680103197,-4.310668584955357,-3.144969862116295,0.9571066196771089,-0.038658457389860956,1.1000692345737673
108,7.110865498101401,2.7642807800340234,1.1256077876091164,1.9300307834499761,-1.5466236421742094,-0.11351375312221432,-1.659827400662584,-0.21241265946217636,0.5156177838172041,1.0315402396937494,3.7330428141095706,2.9268210766078946,4.4588597903401705,3.9175677068277164
109,-2.2638808766399166,-0.8748203091932832,1.5234404152611292,0.8175584713712789,-0.5693955832679856,2.0488723371920163,1.8840410200005295,3.254874745891666,2.0629775785398294,4.156038289164513,5.950546731094882,2.0874833400362864,4.087408247334762,2.9716819460599226
110,-6.607980051316307,-3.448291334024733,1.1878674758425047,-1.2478084476167208,-0.9454776196950205,2.1941887048164963,2.9262240382605644,2.777329433731452,1.3166792970802195,3.2563778072123792,2.8647225993765537,0.08598497862034107,1.5380872841638151,1.4044242661762847
111,-2.407628564614013,-1.0854136816530857,0.3348397044533791,-1.028241506428214,-0.22698106996015363,0.6578579653739558,0.5107185547430596,-0.3420891805411763,0.1106392066679508,0.6348618638041407,-0.8305146865721038,-1.1460888774401026,0.058377204422352294,0.6567444875395193
112,3.7693637347627944,3.0276524680315187,-0.7572294272671813,0.3772913767626452,1.9850044409886995,-1.0296275549217546,-2.237313351412141,-3.0397273589537126,-0.8676676030180439,-1.3837189499552347,-2.255099924453535,-1.7637974782425416,-1.336991791796216,-1.1649761910669811
113,4.057821896374182,3.090196795033248,-1.535339471921845,0.09326620025295712,3.0764075615911617,-1.9440116457047902,-2.3676258581313014,-3.0940404706860334,-1.3789603527596739,-2.0439728824446393,-2.2021535003080737,-2.0987465854937164,-3.4436073354241947,-3.9188262765563295
114,-1.518345288293368,-0.7913066108970825,-1.31849899257798,-0.8557480479413888,1.6553960336485907,-1.7152195221229833,-0.05810869517827248,0.20213078528717082,-0.2563657870107287,-1.0612616001538344,-1.5291913172644924,-0.8332633828777042,-3.1902763934128937,-3.7102579607515667
115,-5.309549731845186,-3.077679145863073,-0.04226901286532522,0.7377977997234496,-0.5809512663668516,-0.2546988964135412,2.2330790164297847,4.638297372638212,2.170948195602705,0.9499934370660418,0.05656929182990374,2.3463646004932284,0.9613689638069761,0.8284255251003958
116,-1.737902258287169,-0.9698894549468843,1.2558603927701604,3.6755627354089215,-1.8227474008145652,1.461424667953345,2.351223486558839,5.271246238235804,2.5691012603219923,1.7647258349850252,1.8434589644760992,4.317721825442186,4.334825875696679,4.882376159586902
117,5.048370858787713,2.3075332961282573,1.2937370012159377,2.931323877897751,-2.118584304137186,1.7822401476935792,0.47460399277736026,-0.06944253496083119,-0.8936082938836424,0.08975710467239324,2.113113317596768,2.1539244167728784,2.3076191655401415,3.7198523419554257
118,6.0857214166067894,2.5931240694444178,0.10811418566962988,-2.1090008656135306,-1.6635707667151847,0.6202962256796919,-1.1472248416278847,-6.0192816586679365,-4.2954104237232125,-1.826565039664628,0.6867524819636015,-1.9975328681898659,-1.980350549350695,-0.586246039344046
119,-0.5255437390377735,-0.28259457667461485,-0.8381368725990336,-5.299326381258226,0.05869715577073225,-0.22827342063482783,-1.0026445897220886,-5.119792952217492,-2.459313827806805,-0.9474184581424784,-0.8113804558259621,-3.3509758146853166,-2.215716856085916,-2.649403223683619
120,-6.8393080768845955,-3.20475139135583,-0.5112854113884777,-2.5232448951429904,2.223409222489589,-0.02828913063535194,-0.30807669775747315,1.6137806192829127,2.9936548494239994,1.630668826643962,-1.372138012560524,-1.330830254008164,1.0629756636217136,-1.5492446890454707
121,-5.361081131435634,-3.2240278037161274,0.3625590801802525,1.8129038363086598,2.3104495130984035,-0.3616479614626436,-0.9436707968404945,4.968812039216857,4.763664815505257,1.740423987059379,-1.392349093278946,-0.04396558146087761,1.6176088223298395,-0.7588138468466284
122,1.6660438438569505,-0.16344998065233649,0.4631185805245181,1.5860490211344649,-0.3528652318093997,-1.9451961765188086,-2.167938320471712,0.4008647501422265,0.04024886199496955,-1.4503923947006465,-1.10855830901464,-1.4392051024608288,-2.074337514914828,-1.632850948289477
123,5.8311421408278985,2.973847714106538,-0.20228422565275478,-1.3840943932106133,-2.597273848687909,-2.4379008268768168,-1.4116676086000595,-4.909744637393709,-4.847167114136946,-3.451634219872071,-0.08815709655483008,-2.0740422917437713,-4.149129517106089,-1.5013579839881892
124,3.0743702001056854,2.8973447349131822,-0.5059488345864962,-0.6045340087517221,-1.252841981750438,0.20904187162133797,1.776810565714452,-2.263330052245,-2.9271280309668226,-0.6431238858044896,1.4889508212851295,1.2641892612227177,-0.3804840152177484,1.3889900854897534
125,-2.298723484670209,0.1428286444108347,-0.05532304655230332,3.9540062013786725,2.115269832006522,3.791266833354077,4.523390332231896,5.449059763971595,3.3590999728271917,4.0911509592784325,2.434471567108782,5.7877051180485175,5.273213089445894,4.52630296614845
126,-3.626306605799582,-1.3820022638060057,0.30883035912844137,5.137051472531488,2.8989666971027748,3.9701402912085864,3.836386768611967,7.290345815562699,5.219878312473998,4.679326725661868,1.8203900012004457,5.721512115254797,5.793163622224292,4.176534862688622
127,0.2641403129232896,0.06233620519771197,0.0306655120167207,-0.07414479101354238,-0.23223914992389058,-0.024047954343291017,-0.08350143755058491,-0.16398686290426567,-0.158235630938372,-0.15511538009912584,-0.04268956864595296,0.043636327703984,0.09155167774910213,0.1006735520168916
