,AF3,F7,F3,FC5,T7,P7,O1,O2,P8,T8,FC6,F4,F8,AF4
0,5.842286474361851,9.787771838460449,-0.18084409295231793,6.713023792100035,1.7692024430832576,-1.0538682965323132,0.9134946799248649,3.599378645407485,2.148085740183538,3.3447460833968043,3.551573209847378,6.2709667169148915,3.5382287585346766,6.126465957511567
1,6.340531822703558,10.460334624027093,0.010209364004616904,7.041349748496448,1.7014711879007312,-1.901755441039321,0.04542176127326868,2.873253983617458,1.4266138333940248,3.2943901893898184,4.3852185512211115,7.0913809754482795,4.595905489922148,6.668574636182397
2,6.8369333233077825,11.129689524381133,0.19764214842167205,7.363654872758546,1.621095291345452,-2.744391104987829,-0.815546285093261,2.1737135720418266,0.7394130759643835,3.253302015698746,5.215240340043521,7.910445107337898,5.665224490763558,7.212641238939668
3,7.32146397819897,11.788852513050646,0.3785336273951399,7.6817341444978915,1.5306078639510579,-3.5613357258682963,-1.6454717892697936,1.538642680820683,0.12682200061920337,3.24198869310797,6.04284942365733,8.728225413868946,6.740913140609912,7.757882449141274
4,7.782821664978033,12.429717159087293,0.5501472172357603,7.9961086979494596,1.432110770879163,-4.332913113442959,-2.421873493691004,1.00261438798183,-0.3743986906415471,3.278860724049766,6.867931707627323,9.543128979953584,7.816030337455458,8.301786738946067
5,8.208256184915113,13.042893616438937,0.7099863758194024,8.305581703558799,1.3270209694781996,-5.040781609048643,-3.124670021939121,0.5951813021157583,-0.7328263212682224,3.3790925777143612,7.688420405229126,10.351216430056853,8.881560997194512,8.839511235602137
6,8.583518606738389,13.617650202089628,0.8558404685764086,8.606923639730546,1.2158956324050374,-5.668425161203975,-3.7369682524256227,0.339454938995252,-0.9238559551553929,3.5536935368122258,8.499822164992855,11.145695670703939,9.92616189565824,9.36345786707698
7,8.892957801298673,14.141976774309775,0.9858202689294857,8.894716898955888,1.0983512162129718,-6.201546530203786,-4.245659311003261,0.2510469371024175,-0.930826582186249,3.808839231775579,9.294936878602263,11.916642785394904,10.936090322974495,9.863068869805558
8,9.119780975327288,14.602781304739345,1.0983834204837633,9.161380150448181,0.9730850387254526,-6.628352733267281,-4.641799789277835,0.33742118769119145,-0.7457425737487017,4.145496320758641,10.063797477303904,12.650981092732541,11.895334226891338,10.324866793102196
9,9.246483527331584,14.986221154953729,1.1923502635452508,9.397380172837579,0.8380004162610948,-6.939730753046537,-4.920771538560065,0.5976768602979073,-0.36956500300770967,4.559352538842717,10.793838642780505,13.332729619947346,12.785946698773724,10.732746078458073
10,9.25543840873402,15.278159144822435,1.2669104950645453,9.591623791550939,0.6904279717174276,-7.129318675643705,-5.082228744382039,1.0227528553653695,0.1879255383950337,5.04104309149629,11.470283642094612,13.943509213197963,13.588570014331443,11.068502908968679
11,9.12961788041325,15.464722255462913,1.321621336189559,9.73200642712897,0.5274268714594326,-7.193483207246989,-5.129854687615222,1.5960179701161064,0.9086680155579762,5.5766445447946875,12.076719394573727,14.463271223361321,14.283117642992302,11.312569447138747
12,8.853404274013387,15.532929224353282,1.3563980299142155,9.806078659410428,0.346141583176262,-7.131218378092767,-5.070961185096547,2.2941905911112315,1.7672152400466554,6.148391700605432,12.595814423303192,14.87119405081371,14.849569415688213,11.444900849871264
13,8.41343472237032,15.47134474574237,1.3714975514059615,9.801780877743752,0.1441835777327834,-6.943981829251621,-4.915969751857385,3.0885185690329737,2.73192320467243,6.735563291554873,13.010124643578344,15.146680114068035,15.26882709014516,11.44595149013862
14,7.799420153084548,15.270714379307599,1.3674965840362505,9.708190533948628,-0.07999574026484606,-6.635484752221211,-4.6778145153710415,3.946144528088423,3.7663683840477673,7.315478917903579,13.30292895565193,15.270381621132875,15.523575438975465,11.297672189835408
15,7.0048813044655995,14.924535829967766,1.3452651169286196,9.516227076676113,-0.3267742134559581,-6.211450243256649,-4.371303758166734,4.8315830449021036,4.830923877496126,7.864551199274935,13.459040054732752,15.225187469400202,15.599097372371661,10.984462794283091
16,6.02775266340398,14.429528051134387,1.3059372154669808,9.219265636908574,-0.5950998459695952,-5.679353220684917,-4.012471418313429,5.708241111786134,5.884425237282764,8.359341442179783,13.465544029147454,14.997113600197665,15.483999181358879,10.494022754814988
17,4.870816860136135,13.785968297563928,1.250880425728982,8.81362076709476,-0.8823267536392925,-5.048153199344465,-3.6179436568349796,6.539918843857578,6.88585622305972,8.777571788266455,13.312432397712143,14.576052093645036,15.170811499105975,9.818054512370946
18,3.541944775205765,12.997877105446152,1.1816649017241658,8.298873854667523,-1.1841615169419144,-4.328029060750847,-3.2043402630511366,7.2922315376566536,7.795982959182471,9.099050240851755,12.993099661537364,13.956347216534173,14.656440795971704,8.952787905462388
19,2.054128433101794,12.073040593379368,1.100032718511861,7.67802960106329,-1.494726584188037,-3.530122776051558,-2.7877274615736556,7.933897271784901,8.5788641351594,9.306467744530604,12.504687248890901,13.137177758802498,13.942454261426345,7.899306351002332
20,0.4253039266384856,11.022868062077102,1.0078670143163386,6.957496863267905,-1.8067384328224363,-2.666297201499643,-2.3831376533800355,8.43783850337018,9.203168447842744,9.38603109235989,11.848261758871372,12.1227341930355,13.035188429648116,6.66366625709164
21,-1.3220294227089189,9.862091275438317,0.90715988918138,6.146897716152502,-2.11178959214305,-1.7489115167946343,-2.0041711086217875,8.782054100577707,9.643240697254196,9.327904060861455,11.02882304531551,10.922187569132914,11.945679819201924,5.256810486691596
22,-3.161379016576301,8.608319995017336,0.7999778563065078,5.258716663705215,-2.400716204649991,-0.7906162155017853,-1.6626923872038277,8.950230952734369,9.87987429052696,9.126441737550397,10.055146430240068,9.549455784676647,10.689424091972084,3.6942854660168383
23,-5.062995203801543,7.281475105947686,0.6884243314828501,4.3078095326080925,-2.6640274291035353,0.19583235282192304,-1.3686291548404637,8.932080603381898,9.900767876834353,8.780217449780375,8.93947264510729,8.022782131826046,9.285977719594978,1.995779905914291
24,-6.994743256949091,5.903125279744119,0.5745998639868292,3.3107983556120844,-2.8923699985723177,1.1977397322015937,-1.1298735076738147,8.723404119037834,9.700664768562543,8.291855943054724,7.6970681173979125,6.3641500897507735,7.758422109839729,0.18451085383035254
25,-8.923074048782185,4.495756218161096,0.4605619445502822,2.2853843949332155,-3.077000445225989,2.2026266198068116,-0.9522772748507119,8.325905573868045,9.281193591025637,7.6676992857164805,6.345686079368216,4.598566365570777,6.132714791883722,-1.7135103674195644
26,-10.814051776087904,3.0820039906272565,0.3482867713853576,1.2496162891084568,-3.2102385819374035,3.198371510304329,-0.8397247850589251,7.746789191597348,8.650445450246014,6.917342282657053,4.904964523627781,2.753250535746148,4.436955881289144,-3.670294428832672
27,-12.634394947406976,1.6838857682762545,0.23963516756227238,0.22115353514729783,-3.2858783216235725,4.17334641551368,-0.7942610130996424,6.998185631364762,7.822335438862408,6.053080480605085,3.3957991818739073,0.8567737147188856,2.7006002417627077,-5.6567315532304825
28,-14.35248726929893,0.3220617269248026,0.1363240838163661,-0.7834338075793067,-3.29953510888112,5.116548308118616,-0.8162510776695021,6.096458147584003,6.815803770246793,5.089315101638459,1.8397282366654084,-1.0618100884317632,0.9536460571105966,-7.643449193324754
29,-15.939317722626168,-0.9848392785387351,0.039904094917281356,-1.749290762983829,-3.248912775625793,6.017727100801072,-0.904549043798916,5.061439203529754,5.653913892095644,4.041955683656255,0.25836097534847696,-2.9737983333828044,-0.7741708014000073,-9.601631013937613
30,-17.36931357295149,-2.220800317845569,-0.04825766970996499,-2.663795528364568,-3.133976898785053,6.867508454300397,-1.0566593182924517,3.915642815127816,4.3629016692950655,2.9278542844664606,-1.327124323661057,-4.8516038878691425,-2.4541494567774107,-11.503763176478618
31,-18.621036027435977,-3.3728774684679923,-0.12699034983508553,-3.516945333610437,-2.957027224311225,7.657506770564899,-1.2688813896721745,2.6834884257083815,2.9712221985325447,1.7642967189774759,-2.8963968507103584,-6.669420551376434,-4.059339292798764,-13.324281160181654
32,-19.677715587297715,-4.4315216474757575,-0.19532924646693156,-4.301595740792777,-2.722668265804287,8.380420957528143,-1.5364367412869229,1.390560616935706,1.508630972097431,0.5685676936728364,-4.430297615662734,-8.403771781299158,-5.565176450115931,-15.040099432537334
33,-20.52761262647121,-5.390749612123625,-0.2525237466461837,-5.013550466026628,-2.437684067693223,9.030103883981262,-1.8535840928125251,0.06291787679373659,0.005325809176815763,-0.6424020851180029,-5.911074936645067,-10.033934194583216,-6.950023861731851,-16.63101600251518
34,-21.16419813507338,-6.248162284772716,-0.2980436616863317,-5.651510098709872,-2.110829578035764,9.601596701870234,-2.2137346544195644,-1.2735456491118406,-1.5088337207105984,-1.8523080652214252,-7.322542525742242,-11.542237013434605,-8.195601624172944,-18.079993116217512
35,-21.58615961333166,-7.004818934633072,-0.33158383170185585,-6.216898319104524,-1.7525564551515407,10.091121467204722,-2.609581871905939,-2.5936884892187937,-3.005021236369462,-3.045673747799682,-8.650177725556285,-12.914247076512192,-9.287300070212082,-19.37332332941956
36,-21.79724678114684,-7.664985350106044,-0.35306649887343505,-6.71359210775617,-1.3746946367675759,10.496029095043331,-3.033259376047959,-3.873667340868639,-4.456051647462546,-4.208000320112726,-9.881181046598188,-14.13885523370532,-10.214374510724273,-20.50069629799027
37,-21.805979131243063,-8.235781035064763,-0.36264072209196535,-7.147586235064429,-0.9901115826080817,10.814704026947041,-3.4765364178614706,-5.0914471139720465,-5.836906038274417,-5.325885975493149,-11.004518675553706,-15.208282972062298,-10.970027608135462,-21.455185249591626
38,-21.62524051552631,-8.726753170473549,-0.3606779743279349,-7.526621060484068,-0.6123680573441063,11.046431813387812,-3.9310529754637744,-6.227279630757411,-7.125179452280486,-6.387136264938074,-12.010966568349117,-16.1180277470025,-11.551391264096651,-22.233172637018843
39,-21.271784391620493,-9.149403538457669,-0.3477631503527046,-7.859797171216336,-0.2553830694186705,11.191240758436969,-4.3885884833649325,-7.26414927558013,-8.301457881872395,-7.3808816986680625,-12.893168250115375,-16.866762023451628,-11.959422735455927,-22.834231444030994
40,-20.765668359899255,-9.516689887566722,-0.32468063223200894,-8.157192456491973,0.06688728414393236,11.2497329785554,-4.841350125010688,-8.18817687842375,-9.349628658449161,-8.29771022868422,-13.645709465209244,-17.4561952442314,-12.198728241757976,-23.260972343805086
41,-20.129630806840233,-9.842516968526832,-0.2923957554935151,-8.429488799863563,0.34075955348500114,11.22292247860868,-5.2822602097401425,-8.988966300211947,-10.257124460876774,-9.129811856418419,-14.265202925270389,-17.89090130411968,-12.2773224278259,-23.5188592055499
42,-19.388418516327377,-10.141226819445846,-0.25203273854120994,-8.687608761204483,0.5531281275209672,11.112097191361652,-5.705218788314801,-9.659872973253199,-11.015096213380172,-9.871122356606309,-14.750367471180786,-18.17810848382465,-12.206325966323211,-23.61598879871621
43,-18.568073356312635,-10.427094677382344,-0.20485056822040457,-8.942359108947597,0.6917731218278815,10.918718501321838,-6.105318076382093,-10.198171069153306,-11.61850518403403,-10.517445243791299,-15.1020798753471,-18.327445631343547,-11.999598750969731,-23.56282665238312
44,-17.695188393381716,-10.713836520444781,-0.15221832230475382,-9.204078287154745,0.7456751450789684,10.64436696380799,-6.4789888570547,-10.605096602255466,-12.066121001567222,-11.0665280285159,-15.323376001001897,-18.350638298493468,-11.673304860181558,-23.37189071769916
45,-16.79614821427076,-11.014135839499914,-0.09559104387420912,-9.482288131013336,0.7053362984875177,10.290738241821083,-6.824064589123867,-10.88574815124558,-12.360412302297359,-11.518071898927722,-15.419382250374714,-18.261151521709426,-11.245409499670199,-23.057378305758558
46,-15.896373828678984,-11.339199890053223,-0.03648669485649184,-9.785355079064333,0.5631014788009969,9.85968932050998,-7.139755531597631,-11.04883505193068,-12.507321680156421,-11.873662366380907,-15.39716750030656,-18.073781295858776,-10.735116888544594,-22.634739360265918
47,-15.019597840913363,-11.698358811687212,0.023536044744356856,-10.120171217570157,0.313469051504257,9.353331860615965,-7.426532204981237,-11.106273465967986,-12.515925036392831,-12.13661934151817,-15.26551695031957,-17.80420317268179,-10.162268180053719,-22.120208379038363
48,-14.187198937766269,-12.098723905146443,0.08290013795892036,-10.491869353934765,-0.04662389678923508,8.774167117018512,-7.685924307857184,-11.0726413320419,-12.397984208539343,-12.311775405705655,-15.034638719853334,-17.468492286516113,-9.546726091556609,-21.53031523147801
49,-13.417624793912948,-12.54492267104593,0.14003414179259607,-10.90358809603039,-0.5175582814330232,8.125254699420044,-7.920247375067004,-10.964512709577907,-12.167409332378119,-12.405198581653123,-14.715819769954889,-17.08263338067342,-8.907775751487275,-20.881399425389684
50,-12.725928573823003,-13.038926268976173,0.19339899637855895,-11.356302097579269,-1.0968479149263093,7.410404440588789,-8.132275151584944,-10.799701115582929,-11.839654285681103,-12.42388013052387,-14.321050334344784,-16.662041721792303,-8.263569260358064,-20.18915232753435
51,-12.123436931361574,-13.579979366553692,0.2415182134157599,-11.84872912078056,-1.779027417476729,6.634376045996179,-8.32488103680325,-10.596450674750505,-11.43107533340546,-12.375409450349085,-13.862636901852495,-16.221116523556375,-7.630636317684332,-19.468208410698683
52,-11.617559004390051,-14.164634760782254,0.2830111512682418,-12.377320290884516,-2.555626572512538,5.803065919346672,-8.500676389826175,-10.372621766165748,-10.958288790581392,-12.267657881327954,-13.352823844557468,-15.772848279224126,-7.023477780309116,-18.731801849337778
53,-11.21173886159409,-14.78688856690339,0.31662830850848367,-12.93633458763921,-3.415242633529764,4.92365681144385,-8.66167568217886,-10.144921548714564,-10.43756600545889,-12.108491632558549,-12.80344335531076,-15.32850017900323,-6.454255197526456,-17.991500538184763
54,-10.905548863222132,-15.438407619974482,0.3412870964451174,-13.517994377979976,-4.343718466800612,4.0047058189448785,-8.80901724126853,-9.92822726824221,-9.88430130834183,-11.905531225914292,-12.225612121087886,-14.897380647568474,-5.9325868524792575,-17.25702632576554
55,-10.69491728442458,-16.1088384723893,0.3561063335440918,-14.112715633086724,-5.324428688401456,3.0561505073167825,-8.942762968524253,-9.735041427581537,-9.312580438729267,-11.665970347188374,-11.629490263894775,-14.486718297919632,-5.465457655747011,-16.536167176946215
56,-10.572479371896511,-16.786186145431948,0.3604375794316458,-14.709404273724843,-6.338669086216016,2.089220735333286,-9.061791288959478,-9.57510424100455,-8.734865103126266,-11.396460167703157,-11.024113015203612,-14.101642999991235,-5.0572450125923565,-15.834783243098624
57,-10.528037074918698,-17.45725050672463,0.3538913142444395,-15.295809305306237,-7.366138286293354,1.1162532749120886,-9.163786661943947,-9.455173126156485,-8.161796760798085,-11.103056651701865,-10.417299132452927,-13.745269279465314,-4.7098558763499545,-15.156904278738201
58,-10.549109465747772,-18.108108672634668,0.3363559726340763,-15.858924079106178,-8.385496079241483,0.1504154493570052,-9.245319195211293,-9.378964734935904,-7.602112395866295,-10.791220466072572,-9.815633935269387,-13.418872551442464,-4.4229630975245815,-14.504910929039896
59,-10.621553150034654,-18.724632291902825,0.308008092826141,-16.38542796878406,-9.374980111990265,-0.7946486907761827,-9.302001353326126,-9.347244726891427,-7.062658536077516,-10.465854481469867,-9.2245202869673,-13.12214472900667,-4.194323463399436,-13.879787706667527
60,-10.730229704834539,-19.293028031168177,0.2693123522626151,-16.862160517689436,-10.313060817610253,-1.7052308490573242,-9.328705691202504,-9.35804465465231,-6.548486802130262,-10.131363568262863,-8.648287889882829,-12.853512251157452,-4.020156474193358,-13.28143156552986
61,-10.859695689191266,-19.8003878916269,0.2210109757724651,-17.276618132673295,-11.179112495211701,-2.5680069841255357,-9.319826999789289,-9.406982877553654,-6.063013051701117,-9.791724411228484,-8.09034907992626,-12.61049571200568,-3.8955617294835454,-12.708997081229688
62,-10.994889764639883,-20.23523322283502,0.16410285613863335,-17.617459910742365,-11.9540761125571,-3.3704967045233745,-9.269573104525774,-9.487666122761196,-5.608221615975132,-9.45055703326236,-7.553387044010334,-12.390086543194213,-3.8149524068609475,-12.16125682707288
63,-11.121790048764568,-20.588032238486992,0.09981355680771116,-17.8750046756583,-12.621087230705667,-4.101507727253352,-9.172269982789254,-9.592149483015328,-5.18489704461718,-9.111192753689089,-7.03955989304997,-12.189113994070386,-3.7724813297525945,-11.636953104131527
64,-11.228012891785495,-20.851665738464984,0.029557891342034296,-18.04169645829552,-13.16604117858228,-4.751540667876164,-9.02266824698961,-9.711434485651946,-4.792868965982047,-8.776735196625241,-6.5507021162332135,-12.004576339538847,-3.7624347296941694,-11.135115579787048
65,-11.303323055445155,-21.021811203816124,-0.04510313677093118,-18.11251137057919,-13.578067744122528,-5.3131317690370565,-8.816238985429338,-9.83598619756552,-4.431259768557983,-8.45011228313095,-6.088504872328542,-11.833914320273855,-3.7795687948734416,-10.655320354533917
66,-11.340026578327887,-21.09721381717547,-0.12250932666689807,-18.085276244329627,-13.849889767159352,-5.7811145124198475,-8.549447495404278,-9.956250472882086,-4.098727761489856,-8.134118001355466,-5.654659311000596,-11.675211679779922,-3.819367367206883,-10.197870486225643
67,-11.333222771308897,-21.079816125973224,-0.2009503000176637,-17.96087009295967,-13.978044858286099,-6.15278572727369,-8.2199939392064,-10.0631517576786,-3.793699713328647,-7.83144301891918,-5.2509528601896385,-11.527316160251035,-3.878206232710669,-9.763885571073343
68,-11.280900882316065,-20.97472652636174,-0.2787141417548563,-17.743284738833143,-13.962957137199195,-6.427967900906286,-7.827010717689583,-10.148550925101436,-3.5145865237316984,-7.544693116657055,-4.879316052456684,-11.38988300549784,-3.9534191068067117,-9.355297210426066
69,-11.183878568720182,-20.790019374535895,-0.35413298275224164,-17.43953066177262,-13.808855330122823,-6.608966213284438,-7.371207511127313,-10.205641736105957,-3.2599743361386864,-7.276394434007476,-4.541824605759636,-11.263350024162532,-4.043270445728721,-8.974756385871716
70,-11.045591268510767,-20.536373894328054,-0.4256233076852087,-17.059386476030852,-13.523543245177674,-6.700425185477826,-6.85495656037416,-10.229264379599861,-3.0287812327387265,-7.028984891088838,-4.240665903083843,-11.148857162126987,-4.146848566398641,-8.625466377741157
71,-10.8717519928412,-20.22657232734079,-0.491719876500804,-16.615003183296327,-13.118037261492162,-6.709094790316886,-6.282313008145235,-10.216116665064927,-2.8203686171106943,-6.804791830540472,-3.978080225535345,-11.04812446380689,-4.263897970096712,-8.310959910308535
72,-10.669908632618704,-19.87488769193756,-0.5511033624089792,-16.12038549097571,-12.606092037007391,-6.643519209911152,-5.658968149455411,-10.164849419345826,-2.6345985725822456,-6.605996682176881,-3.7562860951411023,-10.963301433417568,-4.394612006434798,-8.034841450723885
73,-10.448929845907728,-19.496396969464108,-0.6026226463459097,-15.590780395158786,-12.003639663611786,-6.513663653608587,-4.992137164036674,-10.076042540456083,-2.471834286553693,-6.434588279577531,-3.577397024150607,-10.896798916815852,-4.539406680140637,-7.80051533537619
74,-10.218451121228332,-19.106256708942666,-0.6453129630635197,-15.042007035691633,-11.328169280399088,-6.3304964473180965,-4.2903868776465375,-9.952069655944905,-2.3328879760617256,-6.292307535193317,-3.443334371671572,-10.851111938582696,-4.698694180916549,-7.610918116241324
75,-9.988310645474414,-18.718976058087065,-0.678410857214328,-14.489761953565743,-10.5980744973892,-6.1055453691934565,-3.5634128563245975,-9.79686898203659,-2.2189266021494096,-6.180587342343142,-3.3557381000222612,-10.82863886265575,-4.87267095209075,-7.468269710761222
76,-9.768001192746148,-18.347718721012907,-0.701366470998912,-13.948931797078565,-9.831995526819943,-5.8504489493206036,-2.8217784021923054,-9.615643615095479,-2.131348433545543,-6.1004920042645105,-3.315874444573371,-10.831499477114702,-5.061130202959255,-7.373853276032007
77,-9.566159787640983,-18.003661813790785,-0.7138533029955646,-13.432942611371589,-9.048181736613103,-5.576524512894743,-2.0766301098030944,-9.414515921811248,-2.0716434700572175,-6.052659239154242,-3.3245374192171693,-10.861352498120128,-5.2633034388409365,-7.327828935565311
78,-9.390111284917205,-17.695436324869164,-0.7157752990409683,-12.953171336305468,-8.263897891558933,-5.2943737585115915,-1.3394040694607356,-9.200158446565311,-2.041248374705795,-6.037244680162952,-3.3819399783810584,-10.919211522702007,-5.47773070364776,-7.329082110690865
79,-9.245475877969223,-17.428669982326745,-0.7072709339328479,-12.518440728857737,-7.494893195129864,-5.013542662883261,-0.6215326009198502,-8.979418466290111,-2.0414021575878225,-6.053864926155842,-3.4875909032749837,-11.005257976316434,-5.702155913268101,-7.375103999427358
80,-9.135845821200842,-17.205648545080958,-0.688713864252898,-12.134614375410719,-6.754947159198753,-4.742246297630811,0.06584495536091554,-8.75894676015858,-2.0730037066567255,-6.101532777779719,-3.640155915779267,-11.118651107480423,-5.933443218166759,-7.461900967927675
81,-9.062534963870608,-17.025107161676537,-0.6607097490551085,-11.804305331414858,-6.055502137344273,-4.487162986539763,0.7121688133224034,-8.544836386909317,-2.136468983880627,-6.178579204368858,-3.8373065561043194,-11.257339069986298,-6.167513256976838,-7.583932011653502
82,-9.024405476977986,-16.88216036312318,-0.6240887236976178,-11.52671037852822,-5.405390154950336,-4.253297973841519,1.3077448264994482,-8.342276654358214,-2.2315862573085017,-6.282560987913829,-4.07556656969036,-11.417880233863585,-6.399303191230064,-7.734077787944536
83,-9.017777081677439,-16.768376271356168,-0.5798926278254383,-11.297579872710394,-4.81066056268565,-4.043914678736502,1.8440287284985954,-8.155230693189072,-2.357371583414887,-6.410159005859627,-4.350170256202047,-11.595287475472775,-6.622759131544548,-7.903648237972287
84,-9.036423260789217,-16.671995807808734,-0.5293556460667803,-11.109328421875974,-4.274513102668088,-3.860530827493877,2.3139016408566833,-7.986149486610075,-2.5119314306202214,-6.557077154841258,-4.654948722497098,-11.782908620085612,-6.830871785658107,-8.082436302127762
85,-9.071656143472437,-16.57829082200007,-0.4738769163174404,-10.95128393415086,-3.797337138311009,-3.7029762902871024,2.7119247774710122,-7.835738186174976,-2.692342589140133,-6.717954515823717,-4.982258538967895,-11.972353939759891,-7.015764854130517,-8.258822676611837
86,-9.112498074444577,-16.470047592520782,-0.414984099798123,-10.810063733872168,-3.376852467793114,-3.569508650009756,3.0345579614491425,-7.702790792093346,-2.894560510151758,-6.88630367934363,-5.322964249743203,-12.153478724025565,-7.1688413698248885,-8.419932829277286
87,-9.14593477503931,-16.32815554461252,-0.3542878123281373,-10.670058842267593,-3.008341494533909,-3.456981268091538,3.2803257041119456,-7.584106741844969,-3.113366219281387,-7.054486958113937,-5.66648277561367,-12.314427481563104,-7.280987542574606,-8.55184478566594
88,-9.157243510538045,-16.132275875512253,-0.2934279836975694,-10.514002740895116,-2.6849579103251435,-3.3610572825663585,3.4499159732536318,-7.474498317383466,-3.342359682065759,-7.213740089012579,-6.000894836983608,-12.441746826935608,-7.342828597123401,-8.639845585432456
89,-9.130389768172178,-15.861561469229072,-0.23401438970428007,-10.32359925810044,-2.39809473956945,-3.276462007478599,3.5461998798788095,-7.366892167658004,-3.5740046873876543,-7.354250411645975,-6.313126314487579,-12.520575232720665,-7.3450274393172315,-8.66873522042972
90,-9.04848656540563,-15.495398658455443,-0.17756449350519724,-10.08018500665984,-2.1377951408197653,-3.1972655161337977,3.574165049506901,-7.2525226188637895,-3.7997272053951945,-7.465293683538559,-6.589200229265051,-12.534917562863887,-7.278614423796453,-8.623177676057958
91,-8.894310404034933,-15.014143242914233,-0.1254421374637339,-9.765404083128196,-1.8931917966623126,-3.1171862977646,3.5407611748487837,-7.121209359153122,-4.0100657609326795,-7.5354306257728725,-6.8145568369396194,-12.46800952983501,-7.135334438226076,-8.488097977666262
92,-8.650866403618418,-14.39982688654304,-0.07880059951499249,-9.361875465557477,-1.6529630312262455,-3.0299055365176915,3.4546624076405887,-6.9617081157174665,-4.194869336012009,-7.552761077367036,-6.974435265343767,-12.302772216987805,-6.90799600565932,-8.249121505171145
93,-8.301992287603184,-13.63681451782906,-0.03853327508274507,-8.853835943794339,-1.4057945526112576,-2.929380134336064,3.3259566189166336,-6.762120778360178,-4.343537128043208,-7.505230880341687,-7.0543062286590805,-12.022350511091924,-6.590806631007631,-7.893047840626552
94,-7.8329870113191555,-12.712398101884723,-0.005234869722637279,-8.227743365447015,-1.1408350953146595,-2.8101417088806886,3.165775106849813,-6.510351169824224,-4.44529590326966,-7.380985032482017,-7.040342349380912,-11.610722385021264,-6.179679369480865,-7.408346888879344
95,-7.231245331541709,-11.617316563043271,0.020824500812828613,-7.472826484005723,-0.8481333395989068,-2.667568764404082,2.9858778256384704,-6.19459347902359,-4.48951351184109,-7.168760215074515,-6.919910172999353,-11.053358683064301,-5.672497184658827,-6.785660440185589
96,-6.4868749361722156,-10.346194572406768,0.039710411642155614,-6.581568259104142,-0.5190431224087692,-2.4981199758781836,2.7982095034615293,-5.803840978190443,-4.466048782666573,-6.858309453667867,-6.682065406398129,-10.337905760011001,-5.069323466786404,-6.018287916965538
97,-5.593268612329036,-8.897893733233298,0.05181898569413827,-5.550108892391478,-0.14658426120391743,-2.299517899293058,2.6144425714139365,-5.328402013338512,-4.365636317072772,-6.4408499159164005,-6.318030531189607,-9.454857333334822,-4.372548734778656,-5.102631456210577
98,-4.547601618966072,-7.2757692593124546,0.0578546477744429,-4.378554206696781,0.27425289333363534,-2.0708744009865594,2.4455244809231944,-4.7604079763004234,-4.180299235648186,-5.909520997752512,-5.821633039506383,-8.398179266595031,-3.586965220626154,-4.038574148361742
99,-3.351225289445566,-5.487825024753097,0.058790970748091635,-3.071175649852491,0.7462699163301587,-1.8127516488417115,2.30124929471013,-4.094294432735831,-3.9037750281652284,-5.259834618975756,-5.189684133307945,-7.165852928769027,-2.719763252979169,-2.82976731396718
100,-2.0099325759349886,-3.5467607434502977,0.055816316556035056,-1.6364910211478059,1.2698989405716998,-1.527155447376608,2.189875214717792,-3.3272331070465313,-3.5319316537016925,-4.490094721353116,-4.422281582518651,-5.760308639182778,-1.780446532762211,-1.483808116699349
101,-0.5340795102009696,-1.469907349628054,0.050267438651990286,-0.08722015333917614,1.8431242314448335,-1.2174607726260906,2.1178098186676695,-2.459490745368918,-3.063145516550459,-3.6017601544793694,-3.5230255703349593,-4.188728929349936,-0.7806677145316374,-0.012296752442825238
102,1.0614427928886645,0.7209497019227642,0.043555066673385455,1.5598831287672208,2.4614898965500656,-0.8882724333066687,2.0893823220602465,-1.4946920478401349,-2.4986116371844656,-2.5997257315791424,-2.4991419639236323,-2.463210694713477,0.2660087722465418,1.5692282050608848
103,2.7573803256164533,2.999855650411711,0.03708565158915871,3.2843139785982953,3.1181924318362633,-0.5452269263811385,2.106716725168007,-0.43996770082696185,-1.8425591520319786,-1.4925001422006468,-1.3615127268880483,-0.600784505249686,1.344403635577495,3.241468779394781
104,4.530420020090854,5.33707455046477,0.032183349330993156,5.062200546006835,3.804252663546976,-0.19474488600820672,2.169711714298353,0.6940257771969383,-1.1023507256686653,-0.2922647348905073,-0.1246165974615106,1.376703977291122,2.4380617353134553,4.981647504145981
105,6.3536112134570955,7.699575851042403,0.030016351426486235,6.866774769982634,4.508759263570072,0.1562530111426725,2.276124043370041,1.893220810673813,-0.28845137037385893,0.9851981945048773,1.1936169666469831,3.442843971015301,3.5296149794428526,6.763874308996106
106,8.196894570688093,10.051618785043592,0.031531703843884144,8.668919772829858,5.219175571982752,0.5006505156731116,2.4217435356367236,3.14038704428557,0.5857394236707582,2.3207150085980994,2.5720412233524224,5.567038195367161,4.601154820200989,8.559590870173558
107,10.027733879026009,12.355437880173902,0.03740246283379888,10.437789355258891,5.921701770147253,0.8314420144703768,2.600641404681353,4.415504529854642,1.504188330656546,3.692070429663165,3.986618565662406,7.715013314863716,5.634606158155431,10.338089665674135
108,11.81184949984813,14.572033996444135,0.047990434505938186,12.14149874892113,6.601684327016456,1.1420213017046232,2.805470501527925,5.696247277358168,2.4486475888238988,5.074492490559417,5.4108489331128204,9.849469234186074,6.6120996090622155,12.067110804622555
109,13.51405143098691,16.662071797767496,0.06332703136799937,13.747885478043605,7.244063760809486,1.4264357975512625,3.0277966370126785,6.958559730502304,3.399171843105509,6.441260975943124,6.816309265769115,11.930873736771218,7.5163418791880785,13.71352248743092
110,15.099165092958279,18.58687674618706,0.08311386709987952,15.225335121107808,7.833850207992808,1.6795931659482335,3.258443398491513,8.17730922324278,4.334708515946036,7.764422990739911,8.173309395701148,13.918404018431001,8.330984785705118,15.244089645866616
111,16.533035401727435,20.309514031535343,0.10674340133422294,16.543660264395783,8.356614259529884,1.8974121235020955,3.4878375002952633,9.326999889437772,5.233739238467707,9.015596963063393,9.451663128430813,15.771028405772586,9.04099313582672,16.626329772440585
112,17.78358595705904,21.795920050824257,0.13333838768045814,17.675013399274402,8.798978538831717,2.0769143221350643,3.7063467278118094,10.382535439924819,6.074953126527867,10.166844639648605,10.621564737296262,17.448711091434365,9.633010871029503,17.82944621167996
113,18.821901417512827,23.016045962097547,0.1618074317547229,18.59480699449979,9.149094204618107,2.2162595259895483,3.9046072466213504,11.320017758010788,6.837935656331346,11.191587980340095,11.654551452136014,18.913710734186896,10.095723596478523,18.825318873910934
114,19.623292773703056,23.94496408636184,0.19091281398552298,19.2826070634246,9.397086105357277,2.314731222700519,4.073840272451787,12.117564762624847,7.503858196101443,12.065543839130154,12.524522077381887,20.131930617032722,10.420213140183542,19.589521473911237
115,20.16829757750772,24.563882412272797,0.21934591565934144,19.72296057043723,9.535450327240106,2.3726829548060717,4.206158406953942,12.756125090517964,8.05615204812536,12.76764425387643,13.208771136218992,21.074264689071565,10.600295507057726,20.102323530026933
116,20.443561658453085,24.861010695300887,0.24580515730540237,19.90611274815431,9.559388096951194,2.391456153306876,4.294858760979666,13.220259984859378,8.481146991127899,13.280904773754525,13.688988209779223,21.717872434302283,10.632828105922126,20.349625788879955
117,20.442547922405073,24.83222451646077,0.26907129694609533,19.82856940752444,9.467060581400562,2.3732784126951763,4.334694273078119,13.498855328533782,8.768648479528682,13.59319846490334,13.95216525296834,22.047308880948783,10.51796704505609,20.323771747095407
118,20.166023113961316,24.481481809781204,0.2880751876103866,19.49346309277453,9.259750439848016,2.3211480997605913,4.322108558941407,13.585720265915036,8.91242140060332,13.697890242768452,13.991352303521058,22.055436179772123,10.259352039524881,20.024177399413087
119,19.622284206883144,23.820958796091503,0.3019537420445412,18.910690394347224,8.941918228189804,2.238708221381544,4.255415643950421,13.480025475412948,8.910544044440492,13.594286402186121,13.80620516293267,21.744050330926022,9.864195824826739,19.457726557703875
120,18.82709976318936,22.87088629543939,0.3100910050614217,18.09679908045365,8.521144826112124,2.1301106802285945,4.1349057372043,13.186536499560397,8.765596586564303,13.287858889279166,13.403277152914136,21.124169328518203,9.343257230822813,18.638888966680575
121,17.80335536014178,21.659080291479945,0.3121427396268228,17.074615656798333,8.007954751722568,1.999872055215996,3.9628620796799594,12.715607170555689,8.484655739871823,12.79021346810139,12.796019417893493,20.215944760302346,8.710681719555476,17.58953124219915
122,16.580404456153236,20.22017144504464,0.30804440319874477,15.872615117515881,7.415519449628691,1.8527235687216614,3.7434807779600487,12.082914325821559,8.079080539218428,12.118784806396256,12.004468485363484,19.048175822883618,7.983698805811023,16.338404602841468
123,15.193137110116826,18.594548291611982,0.29800351956416354,14.524044997842301,6.759244407108894,1.6934597779350318,3.4826937702376477,11.308934700317998,7.564090502225669,11.29625786690517,11.05461505252311,17.65742256279567,7.18217140789369,14.920307530479588
124,13.680790323760432,16.827040226113812,0.28247823256639376,13.065826321004847,6.056249389770973,1.526791663122856,3.187903113672154,10.418184334976997,6.958153439574576,10.349731826183326,9.97746486000652,16.086735074459956,6.327998675232944,13.374936649044088
125,12.085537026685154,14.965380249189154,0.2621444176875802,11.53726570401735,5.324757403713819,1.3572098989291443,2.867641395801158,9.4382571329196,6.282213787317051,9.30965886482885,8.807821785670317,14.384038268635067,5.444383074203454,11.745457131530351
126,10.450906404666524,13.058503490108485,0.23785414045937298,9.97862622026617,4.583415219170995,1.1888634022328712,2.53117754137357,8.39871113369774,5.558802331738512,8.208605250451228,7.582844327696377,12.600236972626929,4.554985174513136,10.076845647835055
127,8.820105069281999,11.154754089475865,0.210588335246895,8.429618806379237,3.850575784307744,1.0254570311176474,2.1880897240527917,7.329859108550117,4.81107434584542,7.0798956534486335,6.340447163248434,10.787131112364056,3.6830040314303485,8.41408225163741
