,AF3,F7,F3,FC5,T7,P7,O1,O2,P8,T8,FC6,F4,F8,AF4
0,0.2832517380517906,1.2218991098428376,0.0035514351954932287,0.3635503241001843,1.0224631394492378,20.814315038487916,0.8295655151491268,1.3968950703361673,0.06978227457056958,0.7097919074356961,-0.1669882841477259,0.40150536261743525,-0.10998283650126048,0.5916739541596439
1,3.9090469033076274,3.378255989038464,3.383567967651752,2.1617581673187765,4.221181270689888,21.814145067519583,4.153108929497415,6.5066399685816245,1.542452846351625,5.558698685280822,5.478967884525196,6.563060919740842,5.116129791403378,6.770585810119474
2,7.044062241633015,5.180222655887032,6.322724989862541,3.6828585307730353,7.040769035201684,21.415720116048842,7.0803560596769355,10.983009652955776,2.8740792851920203,9.80979449910301,10.328609215755703,11.897807123576884,9.692231326065771,12.145132606472195
3,9.332654564081311,6.397539806172191,8.48334001371859,4.724226118819246,9.197018792866247,19.535940860705583,9.291897447009067,14.388874191972723,3.9545189733255093,13.06386998223455,13.83627536800031,15.77473762517085,13.115756095581295,16.10873344063294
4,10.528226885902793,6.875548546312288,9.63283616643275,5.151444214308355,10.478972510095153,16.208275903889096,10.552196556379009,16.406899297138686,4.698285832270435,15.027410319325492,15.629653327577794,17.75179366477976,15.028493222104151,18.229844114206358
5,10.520083308556949,6.5526921920279975,9.670008501365302,4.914661619340307,10.770483304811178,11.573648324427001,10.735466132044373,16.870702469475344,5.051448969686401,15.53841787301068,15.551089848580586,17.628163439191106,15.256316642121678,18.300688671501096
6,9.342656035400294,5.465673694991093,8.633508477619362,4.053022100517208,10.060454341884162,5.861013291176759,9.83758703724118,15.777793585124817,4.995382989159624,14.57881725609869,13.671802899434468,15.464924180130266,13.825717940416563,16.357842807665136
7,7.166374839319392,3.7419440495203182,6.691814379754389,2.6868163398805986,8.440837611356256,-0.6384556583053741,7.9729643226357325,13.283381566727728,4.547156365835194,12.272571396721125,10.277557616913606,11.571768370716892,10.955448842713583,12.672495086637683
8,4.2718225590311665,1.5808609293752804,4.116455139994674,0.9987085871714096,6.09298280447696,-7.598937807341857,5.3572225949325585,9.676549671699119,3.756661013819633,8.869935258599266,5.827919238460966,6.462039514453915,7.024718009142526,7.712032649571531
9,1.0109689639900354,-0.7736659069272294,1.2425138948064,-0.7930948253443739,3.2643454253641186,-14.684773826974919,2.278473122606641,5.342457152177795,2.70087769873569,4.719561565693977,0.894511533155556,0.7824787345923049,2.522337849272503,2.078212509442651
10,-2.2390756764680932,-3.065125588803942,-1.5778529757591522,-2.4657468906197164,0.23871594218705794,-21.568919774037862,-0.9387150781735993,0.7158356302664642,1.4759210515764825,0.23136922614711794,-3.9136077627419863,-4.7726018584688275,-2.016382629999847,-3.5698605653267013
11,-5.123426564969683,-5.0564704599864365,-4.022237259722629,-3.822184922559758,-2.696135499561805,-27.943046036738387,-3.971726193316666,-3.7680896768324352,0.18769754288733106,-4.165923501987545,-8.02764892204702,-9.551006426010298,-6.076669436218837,-8.597814093656385
12,-7.351512313508413,-6.557880340962504,-5.838543642240912,-4.716644672156535,-5.279300358451587,-33.51926825263663,-6.535706752683849,-7.719112841775309,-1.0578787886883292,-8.06805547607232,-10.98962655131999,-13.024107544900756,-9.226472389122586,-12.472426330571697
13,-8.728369913243878,-7.446533662656915,-6.8737212037976745,-5.071623401206457,-7.302323564915816,-38.02553008660184,-8.412415491035157,-10.828673275940446,-2.1641506309383782,-11.134563557343107,-12.506431629196847,-14.849273682951276,-11.165795343030975,-14.822531684371071
14,-9.171324844564083,-7.67597074562896,-7.086942063960181,-4.884023331703529,-8.626689294832381,-41.198352243748126,-9.468955822318247,-12.893781212387486,-3.0515828228338058,-13.11990911550755,-12.480401188173325,-14.905304889023967,-11.757014448851915,-15.476794934573855
15,-8.710487344571588,-7.274278850182607,-6.545922870470804,-4.21994293954889,-9.191600853145058,-42.77766525099838,-9.664800379860294,-13.826380838387252,-3.6635283400020975,-13.893061383709021,-11.01265133474432,-13.296844864915846,-11.032752751207527,-14.474035481470791
16,-7.4739586386933405,-6.332081722080852,-5.407686977076461,-3.199404109745071,-9.011891712434956,-42.50849807357044,-9.047207892058891,-13.648390309550509,-3.969449188868651,-13.443650370241105,-8.379332819079172,-10.32821278018822,-9.181071270822436,-12.045680264231823
17,-5.660925090492558,-4.982897301864079,-3.887447757954981,-1.9739098787730032,-8.16729842216362,-40.15329448854532,-7.736700740927814,-12.474605466307382,-3.965448590345139,-11.874540133178593,-4.984879736209605,-6.451455207296866,-6.510930917815936,-8.57385224402399
18,-3.507558289968897,-3.3795727613304263,-2.221073854982193,-0.7008486352643548,-6.785464033077468,-35.51665479236322,-5.905500406684733,-10.48717663865376,-3.672282369870195,-9.382466496639767,-1.2996482817928467,-2.1970093748933,-3.403600766252938,-4.531975696293307
19,-1.2515486683540682,-1.6710126144582813,-0.6274754578468714,0.4808056749118918,-5.021752725076367,-28.48162029808984,-3.7525465734998162,-7.906256186972148,-3.131297480906885,-6.229954238819201,2.208449436429046,1.9023467179674998,-0.257527227143616,-0.417085846378032
20,0.8989787785821534,0.016820232178634285,0.7229329027635714,1.4693934770651562,-3.039141110947718,-19.053653546616182,-1.4788687059183379,-4.9615496379635875,-2.398955172474175,-2.7128104953370435,5.137990841840541,5.382949680072281,2.565143091198701,3.3160892855128568
21,2.787477784449868,1.592603723278536,1.7287630874128097,2.2110449739085594,-0.9910946301873276,-7.405733233864264,0.7333608063977902,-1.86887966977345,-1.5407044849084608,0.8721173384405361,7.204344054213426,7.906913966972645,4.782777113983565,6.309887675057491
22,4.31908765503186,3.0025368054018635,2.364306900047733,2.7003312550315015,0.9904824718715152,6.0839844027896275,2.7356899094378067,1.1853932716758837,-0.6249623019480975,4.254612917209569,8.269194343493853,9.296466294614799,6.2233379060944545,8.340046085024841
23,5.458304579632866,4.224662358175499,2.6719690907470297,2.9715600628138996,2.801255190855439,20.81121302956552,4.420999912710201,4.050929294274563,0.28216635063979667,7.210976757531374,8.345761170964735,9.542176523646289,6.835072732671854,9.32953457579761
24,6.216018956299806,5.256606265498634,2.742676504481517,3.0829429045987573,4.364660276592636,35.949732301850794,5.724014948485494,6.611573591712305,1.121004015754755,9.574509103355217,7.58018639415342,8.785541477212528,6.678569079092856,9.33954194996431
25,6.629645611021703,6.100015451080383,2.6885580772717557,3.097175758190823,5.6276057832450554,50.48668047072112,6.616014025519988,8.777339269674213,1.8410851036510656,11.236773166333606,6.213434192516282,7.280380946544954,5.902884730550679,8.54088593683562
26,6.741245057833479,6.745632087435443,2.6134788206336337,3.0626067741068357,6.553708953778699,63.29092187939152,7.095870579177311,10.473519163674101,2.402694918460161,12.141484222215126,4.531101064401145,5.340638082589485,4.71083957409236,7.172059170754331
27,6.578742696047941,7.162811305082912,2.587271431649416,2.9989978230392813,7.116402356557081,73.21147107847654,7.179907794907167,11.630656854406395,2.7774502735260707,12.274073959541486,2.8102827478484933,3.2839555835182557,3.319999384659333,5.49190998661128
28,6.144565803149434,7.296392232457485,2.6287052078432995,2.8909548680752772,7.294039756610847,79.19760792476909,6.892935127335568,12.178771989488853,2.94831514944569,11.650490315018871,1.272803269216435,1.380572392446727,1.9261736513011627,3.735334638226134
29,5.414385361367139,7.072328407992166,2.700515732961391,2.6905779398206944,7.068502584127198,80.42744250811506,6.262276184094037,12.048202049627394,2.909436406484688,10.308513220256241,0.05267233510843086,-0.18432617670074888,0.6753799850156048,2.079307290341018
30,4.346480213558642,6.411651522189563,2.7175079641443185,2.3290481100364904,6.427880112380862,76.42814648623938,5.315738946851327,11.17787695215118,2.666068287531342,8.303862466722517,-0.8171317820708713,-1.3293794315015726,-0.35161250004669725,0.6243233184177421
31,2.899945615458435,5.250525379850186,2.5662638458314304,1.7350666918692232,5.372759028534671,67.16962678364185,4.0834951309564875,9.530070687238029,2.234664726611275,5.711865126761213,-1.3970596572629634,-2.075019373777912,-1.140505501022242,-0.6066929699187382
32,1.0579797431837639,3.562688552104993,2.1327788610013694,0.856623529417496,3.9247130845635545,53.114613551755234,2.6029194976021977,7.10901170558059,1.643007301113198,2.633762871757345,-1.8148724463334818,-2.5223895847218003,-1.7314301371898657,-1.6532182857791613
33,-1.1488268749843258,1.379763028263152,1.3328024116146218,-0.3182413529892806,2.1349091864747245,35.21215041826623,0.9247605081009744,3.9795024130264394,0.930059677251732,-0.7947645669168667,-2.226638261959913,-2.8182010689673747,-2.196949420016556,-2.589818417756749
34,-3.6246528429857734,-1.195112917273292,0.13902255748106915,-1.7460583267540428,0.09046843196953032,14.828073161163182,-0.8813147805622383,0.28114590634939973,0.14514338157141032,-4.396280487862587,-2.7727490356538884,-3.1127757423096956,-2.6150722525163568,-3.4929097937323306
35,-6.200872061419113,-3.9840582823784745,-1.4003825974652766,-3.321560002246753,-2.0836026927072497,-6.385433057851065,-2.723690188745255,-3.765961723292744,-0.6539558575708184,-7.949158494765693,-3.5376975648540867,-3.5194817106000538,-3.0429713950550674,-4.408743954356453
36,-8.641985455509639,-6.743828615914209,-3.1559718238227688,-4.8825376787952806,-4.228482093821779,-26.669769444214147,-4.489732545070807,-7.867149076058976,-1.404210703787876,-11.193151898602492,-4.521613834487751,-4.083292226228476,-3.49679353086777,-5.329403362349807
37,-10.66604235479003,-9.18798137959211,-4.926124780417565,-6.2262793366303955,-6.162217180003594,-44.369106350111466,-6.051412382514781,-11.672051763586127,-2.041934162056085,-13.844758734741362,-5.629393969843167,-4.764426330007945,-3.941696599734077,-6.182028908933642
38,-11.977961653856365,-11.01981911344857,-6.460592756048904,-7.1359479562978025,-7.696494480599062,-58.14172493900646,-7.275469894817996,-14.805707915502534,-2.50846485386179,-15.622314877776825,-6.680058916345767,-5.440281875419175,-4.294281058427831,-6.834008017691558
39,-12.311690218345,-11.972092332150408,-7.4956394929503665,-7.413434295344847,-8.65781494125167,-67.14288736410236,-8.037118387630393,-16.9089593157329,-2.7564093850952296,-16.27866959118317,-7.435308516470387,-5.925614344224891,-4.437236908049735,-7.113857719414554
40,-11.475170776008564,-11.847938900894391,-7.795777073855995,-6.9138521762256016,-8.910431056230141,-71.14933168805314,-8.235558508387243,-17.683389153000327,-2.7556605609688423,-15.637371790368867,-7.642708956767413,-6.0076699152783855,-4.243698808107576,-6.844531365517895
41,-9.390976238064578,-10.556798047532231,-7.195688938398843,-5.576162294236151,-8.377783559352377,-70.60090808808248,-7.809114903192648,-16.93477005138882,-2.4982857634023783,-13.62688757639124,-7.086159171903641,-5.490262226729247,-3.606879381019601,-5.883362419597758
42,-6.125435989820737,-8.139229485423627,-5.63547226839786,-3.4445544634129677,-7.059024557860973,-66.54473378119707,-6.747672876542817,-14.608577233988157,-2.0014048821075408,-10.306789781457011,-5.634701783786749,-4.239029474336361,-2.469372463047056,-4.16127593405252
43,-1.9002159544642019,-4.7757279357813385,-3.1829427670523525,-0.6762205615033305,-5.037588220983023,-60.48056246317492,-5.1003063489135485,-10.811661485370305,-1.3073633711301236,-5.880300687884823,-3.280660192810189,-2.2196226179701086,-0.8463066347158672,-1.713553819465019
44,2.9174760266555,-0.7766425078672846,-0.038385430785368574,2.467083262448116,-2.4796501269570235,-54.12119378481167,-2.9765203507034763,-5.8156548699956625,-0.48083531152461145,-0.689056129271364,-0.15953718028644556,0.4785362909933625,1.162649167867214,1.3045557379982695
45,7.846876839377353,3.4470584551947967,3.4803983598359665,5.643974378132097,0.3783927516436572,-49.09656935967339,-0.5403108426764588,-0.03993566759032887,0.39708021729133236,4.811663233875208,3.4531028397261125,3.638134326341051,3.3756785628682895,4.6218506766537075
46,12.345270494140909,7.429552742275945,6.971947531137516,8.472630272438016,3.252747973099283,-46.64239413896985,2.002828674873485,5.98528197243102,1.2372437436807964,10.096042783757593,7.1688458720815245,6.9315949385662705,5.5464529357328685,7.876111750515629
47,15.873364782782854,10.707126938272525,10.000106599720546,10.579582137446215,5.843106395342784,-47.32148831276993,4.4248704884670085,11.672327239374662,1.9523963263808206,14.6249357542268,10.534780307756108,9.958992780226312,7.395176964809648,10.6576752426166
48,17.965995734359904,12.878908033296785,12.151733187287265,11.651620135738915,7.867946135196908,-50.82688486258394,6.4982494679846,16.439997666053248,2.4673720604258875,17.910245361512565,13.096330721612977,12.301334661027004,8.64872278084115,12.565933114204666
49,18.298237970299603,13.662831973666172,13.0950656952524,11.483334315476881,9.099701367136767,-55.90900625321948,8.020323615657395,19.780313776784308,2.728234186962802,19.57781105343433,14.465174449534889,13.581506000722449,9.083671501684053,13.270407283161694
50,16.736973614324732,12.938453569764953,12.630127806406357,10.01292928776568,9.394928598226581,-60.45519142684895,8.836406498653936,21.319617382772247,2.7090494632057633,19.41962188649756,14.38155658854343,13.523568861980431,8.56520362067948,12.566677912536155
51,13.369500852578414,10.769643605706825,10.723325546216136,7.340220561161156,8.71501402982832,-61.72967144604819,8.858516154555677,20.865926613956333,2.415298532559524,17.427116931339686,12.760751213155727,12.000954985182068,7.075078374100739,10.417661202121128
52,8.503702148053417,7.402825688886822,7.520432039403304,3.7230246905625313,7.134076997632119,-56.75817369705923,8.07738016281974,18.436000053841326,1.8833647168765117,13.799645995037787,9.715550105527145,9.065495206346947,4.7234144126496105,6.972576953218605
53,2.638257938387359,3.239841102920029,3.335186381692951,-0.44880222387266683,4.832406341163932,-42.816881008487044,6.565948749114594,14.258049116483571,1.1760847391006486,8.925560769365097,5.550198246737287,4.951979282705639,1.7414258429707035,2.559186415863391
54,-3.5941981467724675,-1.211703705185865,-1.3856935938206092,-4.699084139243971,2.07578626728985,-17.96413556952225,4.473621193239376,8.749142477208224,0.37490125126910584,3.337395081030203,0.7255967271240159,0.056622280380939145,-1.5447036066835673,-2.3509793182396437
55,-9.503930012876483,-5.404247204311697,-6.116734524981741,-8.525100175753664,-0.8168786971868188,18.46135258960985,2.0114819945632414,2.469643935832393,-0.4303558236812736,-2.353448509202312,-4.199846975912347,-5.108175170003566,-4.755514503838653,-7.200324680920842
56,-14.430688855822291,-8.823218416744664,-10.319865384371338,-11.463352355455081,-3.513465803731076,65.45697415277219,-0.5700489822587286,-3.9399416238190366,-1.1526879284417133,-7.533806937697548,-8.64537459962697,-9.976708494591549,-7.509582300981181,-11.417925056319044
57,-17.828048786487475,-11.056737772501089,-13.513333281389562,-13.152061354619125,-5.710694986011066,120.16193923839415,-3.0087510606547663,-9.831986438281668,-1.7186249414371042,-11.666911400823876,-12.087978845223542,-14.001682302726078,-9.476753137230169,-14.496747218514358
58,-19.333563631760487,-11.851895371611198,-15.333698764860651,-13.381308764549313,-7.172552722628169,177.90832377281836,-5.060159436028066,-14.625540233535757,-2.076944950650013,-14.360391068700746,-14.13539289821232,-16.72455854830523,-10.425100851313887,-16.063816167150534
59,-18.814703398708243,-11.149202536254435,-15.582183925113666,-12.123320054337846,-7.759706742096843,232.54453590039736,-6.525570810416166,-17.871665302381963,-2.204235203048586,-15.414201196544507,-14.580812501895712,-17.83452244908585,-10.254222785742469,-15.93263430581112
60,-16.38395718394423,-9.089915776985228,-14.24890464044968,-9.538137316893081,-7.445769498677745,277.02192576591557,-7.274951992464194,-19.302121581181897,-2.1065581255785815,-14.841395924982056,-13.430883074135549,-17.20775144339022,-9.00953252621461,-14.129727670080362
61,-12.380944031071751,-5.9949048398945655,-11.511731575399942,-5.953459859973063,-6.318131202397676,304.1960422508924,-7.261707105690266,-18.855381485177077,-1.8170409034983634,-12.858669839869368,-10.902546259518056,-14.921616452348943,-6.87514529020457,-10.891083990264883
62,-7.3241697669481045,-2.3179705940206192,-7.710196512512564,-1.8212002066786304,-4.563302917189401,307.75741014054756,-6.527205247408123,-16.676936331624493,-1.389792910969321,-9.848139143365897,-7.389133369209942,-11.242154655660443,-4.146310347295513,-6.628836321877736
63,-1.8394666911338007,1.4196440546839828,-3.2984312506659417,2.343262811543609,-2.43895270196016,283.1782959954058,-5.194261605685491,-13.094252816297946,-0.8910886528615912,-6.296207345863341,-3.4008474275716254,-6.587041501329022,-1.1855762875599307,-1.873099139799403
64,3.424521792076527,4.7039691108352395,1.215940520162247,6.03058121775647,-0.23674154534045314,228.54676501666646,-3.450239484733692,-8.57008451798259,-0.38915552164673356,-2.7188666499070386,0.5112733873857589,-1.4697557255584814,1.6305495092306215,2.802345420627932
65,7.881701235746903,7.10127720063736,5.338171718808797,8.805822361910126,1.7586249078787421,145.16098708230643,-1.5218934124478143,-3.6406776669428536,0.055887531200454435,0.4151372968186587,3.83629890780185,3.5668422188666384,3.9661872348966707,6.859386852120308
66,11.082697623047704,8.318613556495691,8.6486904159075,10.36603087076284,3.308218155481106,37.77669180538075,0.354713746030992,1.1526615703630554,0.40041774557907706,2.7515407341821123,6.176948308259383,8.018061132985212,5.573478389837262,9.868141932544507
67,12.767666296927493,8.24308866122733,10.852823718217424,10.578849155887918,4.250060781915091,-85.56219407645807,1.9651105457285964,5.3294185999442245,0.6227548023878459,4.097977454289166,7.304642565394756,11.476789740791679,6.325516902591145,11.56206688980373
68,12.890888428700622,6.954353615016459,11.811479214554938,9.4968595498617,4.518335320063463,-214.12910822594202,3.1438276272546735,8.524452913300095,0.7248504167324685,4.444468969846245,7.187912210450643,13.677022158562062,6.229872438337465,11.86774915387836
69,11.614562602541286,4.708715434220677,11.54923466362237,7.345859024693848,4.14813786294627,-335.5180311692423,3.794456968196645,10.524373029529851,0.7299934496734628,3.9541198145902854,5.990174798668175,14.516336444449607,5.420866343933692,10.905466012087
70,9.27373179656651,1.8975811211926608,10.239635523925797,4.489053568252283,3.265452029180779,-436.9480716347343,3.8995394327895356,11.281489459494606,0.6769380807504901,2.9258584634833045,4.037647364324455,14.055384110861809,4.132146320302016,8.961112118020615
71,6.318409880580785,-1.0133052533727966,8.170773453387135,1.3725967974180242,2.0641909914736325,-506.72429722510094,3.5189521864717133,10.904434946678597,0.6114474582501359,1.7355158954268906,1.7627448045267806,12.495804004689736,2.654225587020384,6.434451197652384
72,3.242083111297672,-3.554618307994906,5.696935544499463,-1.5395082287148496,0.7740084641645227,-535.6771444048416,2.777178311174145,9.62792960143994,0.5766843499174354,0.7650211582566897,-0.36797847712288306,10.14096492136902,1.2840047377175503,3.772162612604123
73,0.5074300912546759,-5.323657022986922,3.183891224574781,-3.8317372684035536,-0.3761521744161717,-518.3926659784776,1.841500731169738,7.76712654785514,0.6040979973275457,0.33144837362734647,-1.9300246532767402,7.346144945003532,0.27450565743679084,1.3962992249907595
74,-1.519872025102214,-6.043717389194481,0.9559908042299854,-5.195189885263618,-1.1932900238729096,-454.061372933819,0.8945094443691117,5.664051028089368,0.7064096298353326,0.6277354103129337,-2.6094798460999598,4.465885723997177,-0.20707037433184036,-0.3607569876480426
75,-2.6199568531934827,-5.604123082610467,-0.7473636371449192,-5.469481207509487,-1.5491850205103086,-346.81410753558725,0.10513423989469689,3.634531570130027,0.8739855457028911,1.6850638973872996,-2.2534019146283417,1.806202834993954,-0.1062658380252563,-1.305000958218517
76,-2.7437721671476814,-4.075393374638604,-1.8000129891220047,-4.662776971174658,-1.3987307319137028,-205.47508332173663,-0.3974106976793132,1.9235967016637219,1.0753476125965762,3.363405157666579,-0.8945195721541377,-0.4118409032805712,0.5109438866427322,-1.4060640859136937
77,-2.011563359389502,-1.6977533240226121,-2.198726797755556,-2.9475723796700786,-0.7852966925026591,-42.73732897562772,-0.5428798901079451,0.6756672970943395,1.2618878477196873,5.372139858405622,1.253281727045048,-2.072747911167036,1.4707807608868362,-0.7956790512679217
78,-0.6860762023153548,1.1549196647670172,-2.0537759647581044,-0.6332748511141812,0.16737757523936583,126.15590605599752,-0.32964057466852864,-0.07670022652216331,1.3761358303892952,7.317693474226565,3.827730097660105,-3.1695156028250833,2.5224326469242,0.2598200448291608
79,0.874675921371504,4.030144145381269,-1.5626996323696556,1.8801365214971726,1.2752733458329901,285.07006888727307,0.1765994698401131,-0.40483956730061,1.3622941872160779,8.770612313007137,6.373992758272187,-3.789715617101322,3.381902723034673,1.4081881803645495
80,2.277482926860145,6.462738380787114,-0.97191718412782,4.160581473870521,2.3229824302757134,418.773825423528,0.8546056315874618,-0.4591611809933487,1.1773172323613426,9.341185521995842,8.414981123428872,-4.087973880527095,3.7818443764762164,2.2732567661456122
81,3.157700515074837,8.042105143471511,-0.5324002083529416,5.806182097848437,3.097022373089734,514.6415324598382,1.547994714748046,-0.4324734062177924,0.8006419809626307,8.751152129728359,9.52553104451118,-4.249908566712145,3.5193880729034186,2.520467102900659
82,3.2373677518531463,8.471460676084774,-0.45622198237558725,6.502782282802413,3.418681314771108,564.0460447027459,2.0909276335128126,-0.5181058588535865,0.24082738838246096,6.889489386325719,9.399431742027646,-4.45355411984258,2.4943245445280127,1.9158376368341958
83,2.3694731488480087,7.610921400708029,-0.8804041438666635,6.0689295837949135,3.1716924345638997,563.2664030138654,2.335122201070193,-0.8700651196959255,-0.4621972373570067,3.8427029764983534,7.899481997082272,-4.834345781629915,0.7315455428121495,0.36939628448766004
84,0.5623969635978573,5.4987903461804075,-1.8431801458206276,4.48245727987521,2.3209012278298187,513.8022801625439,2.174089506655085,-1.571825412237021,-1.2398968289778756,-0.10594730172589935,5.083371172081993,-5.458902532277363,-1.6158940048436872,-2.0434452375900025
85,-2.018462658908185,2.3485152316272306,-3.275815392911674,1.8854314421241587,0.919470626385133,422.06830607277413,1.5610378572932353,-2.618682242623691,-2.002730651363536,-4.508898339983862,1.2017976607379313,-6.311291790396425,-4.283732403250509,-5.085738015795875
86,-5.07159871360164,-1.4778426073851392,-5.010780772283117,-1.432798045221473,-0.8961569257777862,298.523809766531,0.5179553250319859,-3.916193613164734,-2.6516206547588235,-8.813941200880736,-3.330717521486517,-7.293450855626313,-6.931057968877613,-8.387471915107668
87,-8.199467040376842,-5.515664129513389,-6.804727698393301,-5.071807686238682,-2.9226158990728646,156.36517417767755,-0.865230317997947,-5.294532510120179,-3.0916742868011466,-12.442245698722674,-7.988008588367204,-8.239298557548254,-9.187401804779444,-11.494511004070873
88,-10.961861902477729,-9.256925548593859,-8.372698138891094,-8.570512387336127,-4.91487826898243,9.9593398635733,-2.4410519095219048,-6.536029898758782,-3.2461529949703984,-14.872965856415991,-12.200015014884475,-8.940116874577292,-10.705464482328386,-13.930940445673865
89,-12.935166662863319,-12.214521015321314,-9.428590777150479,-11.465069504357645,-6.616923739522995,-126.7780688943469,-4.022790805454821,-7.411192101831874,-3.0685970529514806,-15.721573643325387,-15.426738566783966,-9.177284406779172,-11.211801943967279,-15.265993346701695
90,-13.769558373530364,-13.983442923611413,-9.72625566436647,-13.346864503798786,-7.79377358056892,-241.85994593966063,-5.40799807539833,-7.717304213533124,-2.551258478934073,-14.800016244978332,-17.228466412115274,-8.75757785390266,-10.54817137504356,-15.176248570062269
91,-13.236826216607938,-14.291225073561021,-9.095739294589029,-13.913448774949686,-8.26085478006947,-326.38982247018174,-6.404046557382304,-7.313509741597797,-1.72851194523354,-12.149560425318045,-17.32311264157624,-7.54609066548852,-8.697666943366404,-13.494628350807195
92,-11.262960272458113,-13.031708018768988,-7.470061693630429,-13.006456378207218,-7.9071911504219825,-375.28871404066274,-6.852428882566545,-6.146962935057872,-0.6746243052880948,-8.041305215033649,-15.623499746438767,-5.492310271752831,-5.792011169422327,-10.239695442865566
93,-7.941806165910166,-10.27849380708298,-4.899294027580815,-10.632341477008623,-6.709848910529727,-387.52922483148944,-6.6488643969737415,-4.266126865805148,0.5039413556022376,-2.9441508725219925,-12.250210009365935,-2.645921341715843,-2.0990559636381523,-5.6215178160109875
94,-3.5285318004751725,-6.277071351716381,-1.550387025933076,-6.963969261964481,-4.738235679691,-365.8854149407292,-5.756965739325425,-1.819280223566477,1.6807466717588664,2.5352333333944324,-7.518866906928926,0.8397194225549207,2.0077166496519,-0.023506969253028722
95,1.5859170708625678,-1.41716009415238,2.307060080995561,-2.3233611111874226,-2.148089658335877,-316.267132902097,-4.214117537267898,0.9615125076812805,2.7245559395028476,7.731905431431193,-1.9039217479724555,4.716964963866369,6.093512714545934,6.037302407138311
96,6.916069896516472,3.810969077390316,6.327310411333684,2.8520312599768474,0.8338588907699802,-246.7543306074163,-2.129195323004271,3.7886373481416173,3.515495480360479,12.010406857644401,4.0161794004427565,8.665158839884223,9.714453112263175,11.966472519040003
97,11.933974665460816,8.870804318019477,10.124213005122916,8.05547687256994,3.9326402121343924,-166.47508432898374,0.3273292277358887,6.35536357315067,3.9600810791646235,14.848576157147397,9.62550218053985,12.321561945394395,12.470929259343285,17.15799095582828
98,16.126122853452937,13.238214149062163,13.312178010459233,12.764359119850583,6.852652982337494,-84.47833071771645,2.939594354965061,8.375383988949164,4.003144645579401,15.905964971498518,14.340708004198312,15.318659420171931,14.055357584926687,21.06189801369501
99,19.049017530227147,16.457863560983828,15.547977570380464,16.495081132169023,9.307235713151377,-8.739388197873861,5.467033064712251,9.62001007692837,3.6350937227405957,15.067713754205517,17.676459947485707,17.323908030101894,14.288502769092704,23.245925377309433
100,20.377449007506062,18.191402123451667,16.56890975611019,18.85378337416088,11.047274677149629,54.59344449614374,7.667421380720266,9.947943842736217,2.893541711795153,12.458242034761048,19.298679479608538,18.077677362798912,13.14012121874095,23.444241753328793
101,19.940403225547435,18.252480919357463,16.22323216324499,19.577730091312397,11.886142406227027,101.64414281823777,9.320120703398969,9.323599951583333,1.859073108526653,8.423277293445137,19.059774634328168,17.425215547581804,10.731704102608644,21.587990543803844
102,17.74084244910053,16.625177899525013,14.48951260809913,18.563220789862974,11.71868199401879,130.92515354204156,10.247473515064629,7.82154220439099,0.6456642032424291,3.4830167901796765,17.012152658190825,15.338939181986722,7.321310933742093,17.814398288658595
103,13.957246446381596,13.464211744056021,11.482609808878644,15.877232399659135,10.532519736648927,143.14810000327105,10.332564625511928,5.616519730064943,-0.6130291542809602,-1.7369717150840207,13.398875541973506,11.928198652649533,3.2726214973661105,12.453603117781459
104,8.92665580901139,9.077230469382716,7.4453205619979,11.751594922561122,8.410658799153623,140.78954612905656,9.531885411158738,2.9605812017524857,-1.7797665999084435,-6.5876377830609325,8.622944449370822,7.43486526703061,-0.9878383487807488,5.994764889635385
105,3.1108718491443867,3.891302270643848,2.7262157611501436,6.5602305481532,5.525044666909158,127.49760255685929,7.881802769685901,0.15053039095460058,-2.730137087339413,-10.4800889424206,3.1991300632830812,2.2145442572988396,-5.020016273701448,-0.9647567791706665
106,-2.950727764031993,-1.592651783658727,-2.2542949033716404,0.7817037724048618,2.1215648020532303,107.43636790905235,5.498129279134487,-2.5096965987802364,-3.367185301708392,-12.959877184367496,-2.305765398262432,-3.2951898046066606,-8.420231994808619,-7.781547598786198
107,-8.696785039430278,-6.852510068594212,-7.046240587733914,-5.0491202526697485,-1.502289033592977,84.66223783807489,2.568529085526972,-4.746502373613429,-3.632386552775573,-13.762239725063491,-7.337046870991548,-8.616579792359067,-10.865711474837914,-13.8327632571599
108,-13.601957742928079,-11.398984487396152,-11.216194947031711,-10.395294997215535,-5.0251549793460635,62.610791758707315,-0.6620044668015493,-6.34883901455337,-3.5116044835522846,-12.841306195030889,-11.41306060864293,-13.279211520401832,-12.148543081120385,-18.579889059638585
109,-17.230899383092407,-14.825197275559162,-14.39208255524979,-14.772146389743291,-8.132393928968819,43.74862400511367,-3.911790296618453,-7.190929285538387,-3.0353534964453015,-10.369908433291457,-14.175793816821441,-16.86809883951945,-12.195199862167945,-21.62260678478529
110,-19.282142351741093,-16.846462577697405,-16.301547502850383,-17.79589879900995,-10.546595329071442,29.415393468881508,-6.88778606641806,-7.242769604953943,-2.2734666962078016,-6.710676641893664,-15.425359608226776,-19.06685278691303,-11.069603728549428,-22.736874063605143
111,-19.616893585060115,-17.32604693055628,-16.799388845871643,-19.22125909424832,-12.054904911371173,19.852034477870617,-9.313543217011734,-6.567563031195431,-1.3250264532498264,-2.3630101018536314,-15.134660044848317,-19.69085100748611,-8.959789395388743,-21.893165069808465
112,-18.269500818645614,-16.284299739427524,-15.880819660491756,-18.963834218786808,-12.530255476465921,14.385591023815364,-10.957198901345068,-5.307170982765938,-0.30503716377113615,2.1062839406701137,-13.443064650619352,-18.70639070475502,-6.1502906189087785,-19.253167534559648
113,-15.43855399112784,-13.890488180160661,-13.67902285068092,-17.104974317214808,-11.944094346387153,11.72264129005175,-11.65656898769372,-3.658357418401996,0.6702809953587188,6.138835995976708,-10.63063590194244,-16.233436247634774,-2.98414474813605,-15.145795265305097
114,-11.459969540142932,-10.438709364029155,-10.44743214297023,-13.878683609242088,-10.369033644057511,10.29361226137819,-11.338357651729218,-1.8437645890808978,1.49757698301624,9.256571824980508,-7.076916806902171,-12.53155916935827,0.18034549349400394,-10.02583138182249
115,-6.765638777010271,-6.311125758865155,-6.529085761224786,-9.64236797277074,-7.970929191148713,8.589871885282314,-10.028826613724355,-0.08204019286739819,2.0980018466798254,11.119976228416178,-3.2102119237204785,-7.970746059918972,3.012414035181086,-4.420539881150998
116,-1.8329828073983607,-1.933223646924036,-2.317003310036973,-4.8351058281946955,-4.99109794805987,5.44341659670223,-7.854004193501487,1.4387066020177064,2.4249895705197906,11.565367157496073,0.5456516559466812,-2.990624128646232,5.2457591369926675,1.129103278239653
117,2.868213523086134,2.273372566283326,1.7894100714730057,0.07142641222086844,-1.7205592222024952,0.2132440516960738,-5.028631011751288,2.5808116112903616,2.467402685095677,10.616986380289713,3.820066177245037,1.9469428071047588,6.705143525220164,6.12547857940198
118,6.92516492737532,5.934895258827386,5.426570431324801,4.623467762043924,1.5308284450247491,-7.139587096176032,-1.834431793344537,3.268303704073997,2.2479561333402134,8.473408971263956,6.333855411869216,6.406195863527212,7.3197902981814025,10.163107471006699
119,10.021863451859295,8.761235529878022,8.302547300016748,8.431214748093867,4.466808632979183,-16.08759795966274,1.4102082060485674,3.488920195823235,1.8174934089194352,5.471399805136413,7.922743712414203,10.021084791917293,7.12262356434234,12.963904926964794
120,11.96500147324337,10.569818866026127,10.222576879462286,11.205245753581385,6.8350045238400154,-25.666043395123804,4.385736811617683,3.2876736165229135,1.2462141136541955,2.033369494132613,8.544207868165518,12.52921861131397,6.236389342649179,14.395620615909898
121,12.693820203112617,11.295537087751086,11.101848091166103,12.779598039005693,8.451558210850504,-34.66602141620334,6.8077216501557665,2.7538330371669373,0.6132748289027259,-1.3934126920270127,8.268309787854607,13.792635623109767,4.849450210179771,14.472501009607678
122,12.27392708985429,10.98662449928071,10.964942501309901,13.119622743155876,9.21738101815549,-41.85518059574754,8.459201671468199,2.0038618132553325,-0.0037234216264087267,-4.396956625996283,7.255318747433995,13.803668827178688,3.1853234951600284,13.339520441699262
123,10.877244945661435,9.78817377188012,9.933070277908028,12.314751617171398,9.124342265686789,-46.18889011631435,9.214728782011253,1.163082913914445,-0.5379789346116088,-6.6517406294423544,5.724547014662606,12.676125085828087,1.4706475977041957,11.24351233941237
124,8.751908062939101,7.916432064279,8.201714164018988,10.558171177660029,8.251002599027485,-46.979529272661914,9.05276660269684,0.348649164167342,-0.9403934647784529,-7.9544294211714215,3.9196269933455867,10.623791159706892,-0.09385716100159107,8.495910889761673
125,6.18688112120238,5.627907880479604,6.01227618358824,8.116858770565138,6.748799414069798,-44.000701156480396,8.054709795195983,-0.34412795788956535,-1.1834918267672865,-8.240230757648737,2.0753934772056337,7.929688582610832,-1.3556642198413105,5.432431548671141
126,3.4762551481396664,3.1875653840597615,3.621718470925377,5.296318908769095,4.82074213080035,-37.514947025345194,6.390706477792481,-0.8507590364758322,-1.2621777424252638,-7.579041718691518,0.39069887805148806,4.910363499948632,-2.2234970107762053,2.3748525270420076
127,0.8876195699496823,0.8400079452824266,1.2740027820948516,2.4045977284198594,2.695524618156212,-28.22598218471165,4.294406100047086,-1.141320725862214,-1.19158193423919,-6.153501126753447,-0.9899029202861362,1.879746996821189,-2.6703006418153015,-0.4007928024293092
