,AF3,F7,F3,FC5,T7,P7,O1,O2,P8,T8,FC6,F4,F8,AF4
0,-1.404374678051377,-0.8375768168024873,-1.0659065220976665,-0.6401692013546321,-0.3254957146041909,-0.7039096319136682,-0.740495844779164,-0.7260138439592972,-0.5236315307556607,-1.967150920863223,-0.8355529834630911,-1.221675133273161,-1.273055198449945,-1.575036278192772
1,-10.886714009811751,-8.815236456814741,-6.897358795267007,-9.019414215310324,-7.074398702741182,-2.9007674220735487,-7.534686462514218,-2.7205500921603383,-1.3479501203075839,-3.5733414048000403,-4.1379654637191114,-6.554611013637357,-5.990546812376775,-9.096739254545026
2,-19.269073486680618,-15.83577472394337,-12.088683101226163,-16.423821112974064,-12.935582434175842,-4.691238640059692,-13.572093538666397,-4.608353871533031,-2.0648234134875865,-4.787549914466705,-7.055511301616114,-11.277740912438432,-10.03579217790159,-15.712056998205783
3,-25.8298045907756,-21.217040556089774,-16.254167059238974,-22.154623660612234,-17.235732710501715,-5.826008706961863,-18.317123832606278,-6.34671967427986,-2.6371877272384268,-5.543219947081662,-9.403649800577723,-15.067917850747078,-13.039131667154237,-20.90265930664189
4,-30.03074257143451,-24.45452762277905,-19.097630520688995,-25.689357171136177,-19.49464905943428,-6.142953099065252,-21.355411868745744,-7.859125869864606,-3.0374791815506677,-5.805900649420269,-11.03453123881312,-17.67525434611257,-14.739702154703396,-24.28237500766111
5,-31.568360384011346,-25.27589624327846,-20.436551873512162,-26.736432639963645,-19.484081787218045,-5.588668983372767,-22.435338333359983,-9.03475064641931,-3.2487043380004788,-5.573445216320218,-11.846262976524319,-18.940396044845656,-15.011192440698487,-25.629451567448175
6,-30.40080915112341,-23.66973319384879,-20.217106174827357,-25.26516100812371,-17.254831227079695,-4.226080402960153,-21.495573844723566,-9.741299035862125,-3.2653749895817157,-4.8773649777106245,-11.7921585868682,-18.806898689538283,-13.87403824649575,-24.904411723431952
7,-26.747784444663246,-19.884932697452502,-18.5183765971412,-21.50750847013351,-13.128465089841935,-2.2268586228860845,-18.674832792052612,-9.849114144779039,-3.0941497830223677,-3.784601364120153,-10.888674186258426,-17.327267955012665,-11.492480515368396,-22.251548814995544
8,-21.062994384111203,-14.400406478287174,-15.54470208218553,-15.930886943477187,-7.654563778591499,0.15068471927572866,-14.301298467934517,-9.26171263869375,-2.7538943111359373,-2.398063144471041,-9.220043696450734,-14.661126043566194,-8.156367491594848,-17.9833927152673
9,-13.981979009592575,-7.868296188135469,-11.606094297231818,-9.184525865457754,-1.5389162530850755,2.5956252340294226,-8.861097001962808,-7.946009489837064,-2.2748226805293204,-0.8538365067586656,-6.937379112516194,-11.06425843701566,-4.2491623668953,-12.548988829368403
10,-6.250817672443046,-1.0370618504040565,-7.0878477985045505,-2.025075790325668,4.448047629365791,4.786052290764495,-2.9476257119299074,-5.955005483528624,-1.6964464454988473,0.686816828643216,-4.250348557072135,-6.8680366907697055,-0.20517873286636157,-6.48845600003708
11,1.3564562861307026,5.336633938751249,-2.4117757875844053,4.7703042990760105,9.57062371979644,6.4327576819054295,2.8038038842862623,-3.436762936506057,-1.0642357183657047,2.051671815420334,-1.4105078111331164,-2.4498739777430147,3.539557007508015,-0.377878032958896
12,8.122419951622621,10.576763759965004,2.0072302093780015,10.493360569852207,13.22192402468388,7.318957883076269,7.789076953189476,-0.6259419098925493,-0.4251664604874074,3.0775274672923483,1.3131792728908143,1.8031971892820142,6.597394459823122,5.230044828489604
13,13.46300909400063,14.166669541071652,5.804607736068155,14.585988379155047,15.000251212259293,7.3303821662761415,11.507386637796081,2.1824343744448957,0.17736882643131804,3.6338428246223313,3.6643998109540625,5.534280283257825,8.6741794240782,9.863215904572371
14,16.987323842395398,15.807855339546748,8.7042682669856,16.703259555413283,14.75764419360169,6.471272456585843,13.622845568998452,4.67363376505266,0.70854892276467,3.6463447398467204,5.431328650125147,8.454994476490315,9.603661485928642,13.178570585059886
15,18.533201298627926,15.451279230769426,10.546420831091128,16.750118132586547,12.614213283358016,4.8637669416019085,14.006714655718982,6.5617196963823545,1.1461309933812756,3.115945879115499,6.47538556512773,10.377212228901147,9.366386321487962,14.995583189055964
16,18.174133772824042,13.29694395189154,11.300985923705566,14.886731979555185,8.936529387699538,2.73051426322132,12.753423307135472,7.637267821681367,1.4826342152754437,2.1282386942317357,6.751832892406727,11.233177618829352,8.089969837257451,15.310166258538345
17,16.196717709898085,9.761648375382373,11.064248644688144,11.501436451345485,4.283258469039965,0.3628401282368424,10.166875915357995,7.805214673893111,1.7250925325208308,0.8498463024298888,6.317908434354606,11.08026431729023,6.029975697816616,14.28657097205345
18,13.051718219635395,5.419009855850456,10.038711296382013,7.154510046527368,-0.6742521938635889,-1.9210175832297114,6.717696937271272,7.105103352243167,1.8921774258665454,-0.490047790246189,5.325921050639726,10.088721753531582,3.5332970373531714,12.227806948256557
19,9.285482083139977,0.9197031801471904,8.498649858180501,2.5000767924807925,-5.2452790743918785,-3.8215294291643347,2.976435795960216,5.7089189044735065,2.009001117987607,-1.6319193752424659,4.001173570037877,8.513402648706013,0.9885920277462822,9.528222177411484
20,5.461261042916377,-3.0973028537603398,6.746220178545575,-1.803389399200647,-8.813890760231237,-5.100616097372713,-0.4683870001120129,3.895684141792822,2.1004187211731455,-2.327866512169637,2.607290117725656,6.653202952424617,-1.229502963435949,6.614705983864863
21,2.0815311076275558,-6.090368369920453,5.064654113517292,-5.1817106412793015,-10.92094676359883,-5.6151468533636395,-3.0958375458203955,2.0062680293522557,2.184043205235115,-2.3868148087217325,1.4039883693992727,4.80424526949862,-2.814377826566188,3.8849735976564377
22,-0.4776909764073606,-7.685894582735882,3.675778729587196,-7.22052530949363,-11.32275956653454,-5.336191904974124,-4.529190224157596,0.3856357680253772,2.264374057619591,-1.7149935507141556,0.6040430963116427,3.2142160634730197,-3.5715760319764227,1.6521363340876198
23,-2.011277600479608,-7.724450473338219,2.708599606963953,-7.717188477851026,-10.018704471853969,-4.351175993098091,-4.592007101566778,-0.6776708933116399,2.3293608748084194,-0.3436759020094111,0.33675397345739005,2.045397349016633,-3.4461560439916643,0.10403368521496757
24,-2.5020950857125928,-6.276169424166784,2.1840409697604435,-6.701923698219965,-7.244576042668158,-2.848684371629649,-3.3348366820442066,-1.0041829704853376,2.35037087837481,1.5622862184379724,0.6244853818049748,1.3527159802885398,-2.5287787270381856,-0.7163623251319042
25,-2.108875149167809,-3.6237183428304003,2.0183698787268356,-4.425560166671866,-3.4333915408621327,-1.0883180830603958,-1.0279141398160796,-0.5586818044634212,2.285954550003132,3.718670182907923,1.376863801718618,1.0807258289022594,-1.03923167831138,-0.9064642850306679
26,-1.1274481965959446,-0.21584008936641833,2.0447606048140607,-1.316080110711939,0.8500898441049811,0.6397365173795379,1.8797007941784203,0.5389231107570804,2.0891035874845434,5.758515884226842,2.404314264708274,1.080233606874025,0.7103433524845607,-0.6764200968612999
27,0.06793851634164003,3.40129318090546,2.0493941749913307,2.089228339148068,4.9912868303042695,2.059224795079706,4.82898832429333,2.0298000709104924,1.7169955316194017,7.28676590052304,3.449292759021465,1.1418375781643724,2.366948403404369,-0.3030807895711121
28,1.0934174382918223,6.664550793245726,1.8159657669191998,5.225673834334079,8.412224924121015,2.9496596516444202,7.237877233391995,3.5576412756505085,1.1416489671817018,7.94490589507756,4.23042080452758,1.0405912269800714,3.594892785650862,-0.07351499718620039
29,1.6231008498829882,9.07423205272143,1.1709361668349272,7.584814107449558,10.650218986709097,3.179176721357465,8.593269997504692,4.729082145450601,0.35958348116299504,7.475214383315632,4.492324189434415,0.5838969892578162,4.131336800224988,-0.22784991318855194
30,1.4444953233809803,10.262737872666387,0.021600324697119495,8.787467829717324,11.417992643139439,2.7235237096566167,8.53421318196838,5.183366408393708,-0.601434261044986,5.773550603678175,4.0527665720693555,-0.34601502937489215,3.8302102116091987,-0.9114155008640996
31,0.49286403917139826,10.041920423194412,-1.6198648717420154,8.635507813585368,10.637370460620543,1.6684326119255248,6.913331782675666,4.659641431950404,-1.6801458151152395,2.920848718212477,2.8388958230309917,-1.7628882636699035,2.687278634633496,-2.144633640228305
32,-1.1407379611174928,8.422962111717117,-3.630918799605406,7.1352775291669905,8.442683983739496,0.1951556057469088,3.8267465359437973,3.050310634618791,-2.785001978976378,-0.8134694981032571,0.9060856305917281,-3.5661719430761587,0.8421449983546812,-3.8160514444170506
33,-3.2285599279164083,5.606958759845778,-5.793154089805744,4.489952588739901,5.154481962247003,-1.4485019037631748,-0.39264060416072394,0.43087782057029467,-3.802890621651868,-4.998550595849066,-1.5643026029062106,-5.552050418599287,-1.443264357497052,-5.699874343775249
34,-5.448592914398284,1.9488720815667795,-7.8247394189798785,1.0629869496127557,1.2283638400416583,-2.987129626198319,-5.218079594566669,-2.9396110555588657,-4.612528167270135,-9.096982091580129,-4.2883722243414075,-7.444351525192495,-3.826300066273879,-7.495017314496778
35,-7.442629224189444,-2.0985472783904995,-9.425612871862198,-2.6808307293549674,-2.8128518291326614,-4.160631440650978,-10.00217266258937,-6.648679434533273,-5.100787878567249,-12.540016567000334,-6.920866881108982,-8.940310774070193,-5.938512862547054,-8.878839861091542
36,-8.87964020993205,-6.051500380267187,-10.327910083181475,-6.246924239959076,-6.453327621496164,-4.7645396865247385,-14.069703546827526,-10.187194260149322,-5.179608972645882,-14.811943602577049,-9.107499830200606,-9.763396224492588,-7.444916066521635,-9.566061504570026
37,-9.513377398124518,-9.461997649771206,-10.343049948810691,-9.18365910024766,-9.253965964583344,-4.681588109920605,-16.81635506678132,-13.02440711241312,-4.800855816329899,-15.530421574894405,-10.5398823333704,-9.71396856904341,-8.097878882453225,-9.362358325794403
38,-9.2242348681356,-11.974829047572081,-9.397299110771884,-11.145051095181703,-10.907996915126486,-3.899772410873731,-17.798548850017248,-14.689656152170267,-3.966641410490513,-14.50973913616602,-11.003961660205166,-8.7087320571531,-7.776833494654071,-8.203003385978453
39,-8.038261823365893,-13.366755877677425,-7.549443486164745,-11.934243785716713,-11.275128125354037,-2.5142047734461865,-16.800867351270867,-14.84776148730089,-2.7331928429432457,-11.796305426345393,-10.4138972331477,-6.801708334244785,-6.507333929605297,-6.1694841796640505
40,-6.120282076439066,-13.563311809683304,-4.987119692026908,-11.521945922657123,-10.390424948304194,-0.7125438635251921,-13.870827462279724,-13.355895349070762,-1.2072471576240629,-7.66983412915197,-8.825704691910149,-4.182542138934121,-4.4564273802361445,-3.480856840654596
41,-3.7426550380822947,-12.632459675991933,-2.0019197513297984,-10.038244598417169,-8.447955277937231,1.2537157376691348,-9.315672067645068,-10.292481997778046,0.4649095299147925,-2.6090430021798707,-6.428376001364271,-1.1518053626957927,-1.9052208131385733,-0.4610141528130281
42,-1.2355051856599368,-10.758129516234263,1.0530174153652596,-7.7405506646895725,-5.762940722884042,3.1076603112569567,-3.6615769134422766,-5.953049939033891,2.1144864794231575,2.773623501555928,-3.5139662819648487,1.9230542750319908,0.7967041134592157,2.5127125830398445
43,1.0724962491357637,-8.199736275463966,3.816188341554209,-4.9641757148169665,-2.719149283772329,4.589178613377695,2.4186607820341037,-0.8132082503858805,3.57103980590525,7.818665206829693,-0.4316800994554188,4.664060376206616,3.2873870366720466,5.070868372116925
44,2.9120635229796163,-5.245656533271285,5.973014765920601,-2.0645845787941774,0.28988341677448837,5.494527359870183,8.19866612555567,4.535822121555662,4.684181946080624,11.914398871221492,2.4663141149193333,6.742043015383248,5.249750780156669,6.912527415672006
45,4.119456256524933,-2.1690643133548053,7.304089842934531,0.638675953119393,2.9167442409614823,5.707207608948592,12.998438875919964,9.469299949579327,5.342981153377851,14.585321168396053,4.878227517989509,7.9289735740384675,6.460546762447929,7.854706120198171
46,4.662488258908994,0.8065268447847197,7.718291411425507,2.907122043961553,4.905006179608931,5.2154634245466704,16.27649396632354,13.416065104597081,5.490167368331601,15.560102288254026,6.596212602226983,8.134336471157559,6.822950457973954,7.861803912739074
47,4.641610820779015,3.5269544895130878,7.265119214362077,4.610588573746876,6.117045681851899,4.113763227277022,17.70083190086357,15.937305738999846,5.129013306519715,14.808465568684486,7.532924118769751,7.41915346643217,6.377562607022691,7.049725675722806
48,4.2657634620437355,5.910337184538037,6.1240373604450005,5.733023972851298,6.541726872254821,2.588055216337772,17.188755830786786,16.785079412981013,4.321862225783206,12.54109720332425,7.726836593435374,5.984980857013675,5.290228025369065,5.6636879675930905
49,3.807227372072275,7.934524225501172,4.5724267056884775,6.357133416059598,6.282121163018476,0.887023962568787,14.910378383242959,15.932002670211865,3.1805452325409904,9.17259578627012,7.325786354626771,4.139402187121899,3.8189863679715104,4.033269974176098
50,3.543541569993796,9.613240444534073,2.93733291702785,6.631876461031175,5.526492746028477,-0.7163462625447073,11.256164690237288,13.568164298881271,1.8501618069804073,5.253353779128494,6.551997766652171,2.243525249669605,2.2659615651303633,2.512254591793665
51,3.696992400186365,10.967123071503993,1.538941569898801,6.729720681936898,4.508193842258321,-1.9671667566586564,6.774184706165748,10.066493053534456,0.4886888147610537,1.3812072320223023,5.655066330959619,0.6500891904021713,0.922500744893142,1.4135367024069294
52,4.382838436043446,11.996659142672168,0.6351645872299839,6.802176752190612,3.4615423731180064,-2.6686744757681122,2.087094083003109,5.922673748710798,-0.7545198316777976,-1.893098553191013,4.8614507516447665,-0.3575288384955447,0.01698058645522446,0.9503875675836095
53,5.576150035099063,12.663497248408591,0.3766286600161093,6.942232939679862,2.5810206907727764,-2.7138949593822828,-2.1984080113260536,1.679479382499454,-1.7581670176052857,-4.15161445115207,4.329614083622271,-0.6151402886359443,-0.32576896839931035,1.194469464731786
54,7.104106621026533,12.884819565050817,0.779711002072231,7.160862114049828,1.9902392420366526,-2.1041150171120733,-5.576157494157775,-2.152506243245325,-2.443582133244386,-5.172482128453129,4.118949426461575,-0.10787629791391454,-0.10643639162404409,2.058319147860907
55,8.666285703002604,12.542738410487308,1.7223261738243223,7.382050818425805,1.7252343338684977,-0.95121315796764,-7.706961979944047,-5.165644961349807,-2.782429310738687,-4.960827167227762,4.1781982589351125,1.0247273959027927,0.5492606073716669,3.3059870711157218
56,9.880606917534092,11.507524455783226,2.9634113856941235,7.457285224875828,1.7341434455672171,0.5367923947097247,-8.457808733749081,-7.107096765978359,-2.7966459115702924,-3.742431103376771,4.355630996409809,2.509943335555474,1.4135997593058314,4.590790488340643
57,10.347991386411678,9.670474543320655,4.183117013900087,7.1967586888988375,1.8925487012384064,2.0851776261230555,-7.909103740192023,-7.904681821840523,-2.5509065065792833,-1.9212853565921766,4.429398802528761,3.9862723223997807,2.1986815418288534,5.51450062169339
58,9.725269293185187,6.9799675122363105,5.037253181713223,6.411411296061689,2.031250075156367,3.392901813287551,-6.330101438757293,-7.6639264472510105,-2.1390367949652846,-0.007860661343080073,4.15285459306721,5.064117160507602,2.6101228305875943,5.698522365575379
59,7.794057986615876,3.4731944212479515,5.2171589120507,4.9578526074565,1.9713271580950387,4.178244918493069,-4.1273809482906785,-6.637990116455871,-1.6666826444345746,1.470441210137641,3.3069140870061564,5.393017433250228,2.4036123971520786,4.855384982308401
60,4.513592565272549,-0.7035754605944397,4.50524694534177,2.777629440706531,1.5603577586318402,4.223118885524022,-1.7750255522961929,-5.176249337957124,-1.2330412635564152,2.062371498625943,1.7501643342703361,4.724590494912015,1.4347345263054943,2.8485370588908077
61,0.04781760385431173,-5.291551439378246,2.8171792975244494,-0.07671953741720702,0.7037078855388963,3.4095704551099604,0.26245698897018266,-3.660348559903291,-0.9145197003418857,1.474598221205527,-0.5423334751171328,2.9609290565451554,-0.3065426881265121,-0.26989784226963165
62,-5.238922348909641,-9.93527744418701,0.22381241610413022,-3.4340235832852177,-0.6141606130093092,1.743038539633426,1.602765579533365,-2.438106724561139,-0.7528093558271668,-0.3709743758180607,-3.458798350247685,0.18047310468101813,-2.682907671464414,-4.250357247390976
63,-10.818195674335081,-14.216803870474058,-3.050672924774863,-7.017169880194131,-2.321615281998325,-0.641232710665124,2.003349027201448,-1.7656203734015787,-0.7491291218170103,-3.3137101126418425,-6.75324111395782,-3.3630805756757676,-5.421033812104967,-8.66845525911193
64,-16.061177412905778,-17.703804729040396,-6.654248832461561,-10.474448659816636,-4.266023147429023,-3.4898771248337157,1.395802741539074,-1.7663109424905012,-0.8654163232869541,-6.968787353227595,-10.071163966013094,-7.269042509995634,-8.146064949736477,-12.976384191148183
65,-20.32061629513832,-20.00460417258177,-10.15225798442208,-13.424653475288864,-6.232897418020502,-6.45993501462817,-0.10728285960511105,-2.4128280898630963,-1.0321800317960033,-10.778224940945138,-12.995041742262545,-11.04117894040567,-10.43441602187866,-16.57593911109581
66,-23.01898694171308,-20.821639775202296,-13.085578818473135,-15.50875641001795,-7.974806092985141,-9.160675210141672,-2.2332623110228456,-3.534108276131426,-1.1617257872520652,-14.091290924436407,-15.102918767711211,-14.154858762093822,-11.877107273367487,-18.902588131243505
67,-23.729739650608945,-19.99493920667211,-15.033184333157116,-16.440009676035444,-9.245504567757918,-11.203367224428895,-4.594353051994976,-4.846048388739318,-1.1646536693327803,-16.26271829323122,-16.031292883601377,-16.1301498144393,-12.144128610477026,-19.508279729743553
68,-22.23965510861701,-17.528687190125464,-15.67015134946491,-16.04476816099481,-9.834213819933064,-12.252594809189727,-6.749353413372492,-6.000741749201223,-0.9670362221539566,-16.754365121804877,-15.532707364938513,-16.600380358132046,-11.040065616350747,-18.130853264217183
69,-18.58325520275469,-13.596611626208356,-14.813128321007758,-14.288023000933146,-9.59522308863854,-12.072474071410085,-8.272748577065187,-6.64652424022014,-0.5255692625438197,-15.225249654713567,-13.519204459147595,-15.366509266819538,-8.54241902127388,-14.739906612303647
70,-13.04447693422998,-8.525233120566439,-12.447323609963245,-11.280221044151489,-8.468935655671315,-10.561751680586665,-8.820964253794378,-6.489549231499464,0.16172782824950313,-11.596355142488516,-10.084852271351245,-12.429831430671145,-4.816505877088339,-9.552405711131282
71,-6.125663342114919,-2.757420814831167,-8.73184663786764,-7.264931704497188,-6.491886876761198,-7.773114615343675,-8.18617057116363,-5.347437670623333,1.0510476181383923,-6.080020680454507,-5.5035928847550055,-7.998688059177755,-0.20415851973440535,-3.015627673811009
72,1.5114112991667428,3.1983875454453523,-3.9832645109808795,-2.5897939725899604,-3.7948854861557857,-3.9139637815399047,-6.330013220145574,-3.1867320917317636,2.055450756209497,0.8313707166980411,-0.20220342146351933,-2.468452977811736,4.8128560240160505,4.240448162619807
73,9.123982207192267,8.825968609697318,1.3599193839609574,2.3345209534808813,-0.5900071056326439,0.6718410780013312,-3.392643910164788,-0.1382409726435816,3.0544914336340807,8.417006243317578,5.288304384947663,3.6223922236092463,9.670208882799669,11.475090406624924
74,15.975312824168082,13.65800731637473,6.786867080325476,7.081179566560613,2.8515057056134197,5.5394225622745354,0.32399675711950504,3.5124355401614404,3.9096329848530624,15.813456172882479,10.396484956961263,9.654256947279244,13.79174247433187,17.923756344544927
75,21.418675627952478,17.32412514025893,11.771597028786761,11.253351619752944,6.227448980990668,10.19151666761454,4.396025188796015,7.358295744362862,4.483398643863469,22.123650139728035,14.580961292886082,14.99851994631491,16.664191116194996,22.888851845694138
76,24.967611508415974,19.58430656285969,15.830689513140555,14.523748942441022,9.23550460766442,14.134585391354967,8.334728448300497,10.923823550309693,4.659604846726624,26.534512364305936,17.39816456426792,19.090619876401867,17.9058311416637,25.822808560664573
77,26.344137005108283,20.344231187334415,18.574743229649602,16.663043323608846,11.603244246520486,16.935666394417186,11.652715391872722,13.730037943694478,4.361794851596516,28.42725148213047,18.55817583928725,21.495175080707867,17.319666028680317,26.3931168672686
78,25.499919388663788,19.651837079199932,19.747910293828063,17.554617781495928,13.114178749481631,18.273020653807905,13.929705839525749,15.362486838914897,3.567167940245956,27.465014696051053,17.96111716888022,21.955329572466738,14.923687149804687,24.521372779245677
79,22.609260626460323,17.677175109574378,19.25151678769343,17.195231511113644,13.627412784135783,17.974339335019785,14.868743950560438,15.532407112657651,2.313865264218186,23.64547989800351,15.709164556928005,20.42061933045196,10.953717949299756,20.391764126632985
80,18.036472658705225,14.679850063332337,17.149812359722667,15.683149163386215,13.089316580739084,16.03778829677553,14.33512078239069,14.122129783345487,0.700351950694603,17.310596370138278,12.092565045833286,17.05039458620353,5.8379702758849605,14.428301648982192
81,12.283390009184187,10.969773671723729,13.658035358384375,13.196825424329305,11.536547093287934,12.633304277046337,12.372871808037331,11.207965681845417,-1.1232955609840836,9.111453784229415,7.551571993491947,12.192876755739208,0.14623936270529356,7.244005042861371
82,5.924964306038676,6.867416663587372,9.114985322352755,9.968164222527125,9.090643693120223,8.084023574903087,9.196992252385574,7.056952224108197,-2.971278093702887,-0.06764684881193138,2.6194702750706838,6.342896162836181,-5.479877274886785,-0.4313051955597511
83,-0.45811709738233225,2.6692418384491123,3.9439445839359064,6.254614869524397,5.945214761238157,2.830190268522911,5.163000887061569,2.097522495022894,-4.64322571909021,-9.2162786110194,-2.1456066249858154,0.08388485428478648,-10.406713932549348,-7.835408938799896
84,-6.341112715846098,-1.3773264984652966,-1.3930876734039621,2.3139572701177675,2.3473626354421047,-2.6199686658905947,0.7186638284817342,-3.1321582469731415,-5.947963624733678,-17.322218975151422,-6.230909085094198,-5.978517993171621,-14.087760599821555,-14.259733096817694
85,-11.303952514322315,-5.086935305496987,-6.442402764271533,-1.6153141061451581,-1.4245823230580557,-7.7463724931820375,-3.654907266548769,-8.051290426594536,-6.7268641539626906,-23.49672906126561,-9.23200573643761,-11.28306315083213,-16.131885669888167,-19.1265129252167
86,-15.062058979645077,-8.337017767389652,-10.80157366716351,-5.32638750890268,-5.084762557272872,-12.073435364549912,-7.504289745987767,-12.109905576007153,-6.873786888242909,-27.08430929560444,-10.900163995509548,-15.371722942857392,-16.351470091980527,-22.047895939349782
87,-17.477138080679442,-11.057921603511845,-14.153980824282801,-8.649108829424096,-8.362729585109893,-15.219960427700345,-10.45843364202661,-14.858750697595363,-6.3490368535876565,-27.74250763781565,-11.168124457447076,-17.934004069252932,-14.784020104025702,-22.86031931558016
88,-18.54873231323499,-13.215836129301083,-16.291724077049043,-11.44864841213661,-11.023690986918329,-16.936853302483694,-12.269766206203224,-16.0061574629003,-5.185535196828977,-25.481349142933535,-10.151210599937622,-18.832026294082727,-11.684377052181159,-21.63079601067127
89,-18.389933606634283,-14.792927078143878,-17.125380605491294,-13.61999399288144,-12.884591538045925,-17.128581238882322,-12.836758462154267,-15.454283259161851,-3.486391312940694,-20.657353734317066,-8.12408182229899,-18.104235819362007,-7.488611230397105,-18.635413026612426
90,-17.19260151520196,-15.76934589240419,-16.680767115682173,-15.080977845197822,-13.825111223078007,-15.856439312345845,-12.205898644174255,-13.309968939639013,-1.4141559858306483,-13.923186724179557,-5.476724900179986,-15.948406880978048,-2.7545301197425505,-14.313897759775767
91,-15.188475413918676,-16.11124568569159,-15.084428299882585,-15.766593492865802,-13.793255108051042,-13.324013681781963,-10.554089170781795,-9.868942687055984,0.8269237181559124,-6.139921700058705,-2.6560519666337465,-12.687198114936079,1.9130817536135856,-9.207079507195376
92,-12.612593549570958,-15.767694202597648,-12.540800223461066,-15.626874306013352,-12.805749668800107,-9.8474327259786,-8.155246186148702,-5.57572001412963,3.0134710280820816,1.73612222419804,-0.1013633478379394,-8.721623961642296,5.942291866833437,-3.886071720846139
93,-9.67447496444965,-14.677617141838287,-9.304735998154865,-14.62967055727755,-10.943873650490824,-5.814764491598422,-5.336924609411121,-0.9648072145983252,4.927626135352554,8.776662359126096,1.8173142305076655,-4.479105263508134,8.86804074179362,1.1172328985280904
94,-6.540769908449655,-12.785914732088624,-5.653255397178142,-12.76842892439057,-8.345597127558893,-1.640018853488367,-2.4338423038108483,3.408730137868325,6.380822180294665,14.198303893287626,2.849492934006272,-0.36312165678379515,10.390313235349641,5.369316560531475
95,-3.3308418332643153,-10.065999095133964,-1.8599958783847377,-10.073762385655874,-5.194976573343969,2.2824755198410545,0.25487079822561876,7.039947234432617,7.233902750321703,17.457447501651206,2.8962392443553227,3.2891243151401572,10.40866427200814,8.57658450266225
96,-0.12437243765014372,-6.544517212597268,1.8250157121648856,-6.626433916196309,-1.70968436977743,5.618015581459861,2.4989496636401554,9.53654024791456,7.411299331401396,18.310923407854954,2.0197095581276465,6.236102348610625,9.028658686379858,10.60480462653016
97,3.022046083629263,-2.323208925554332,5.188830279026664,-2.568583939808186,1.8726102242915512,8.121599559392887,4.156927055199411,10.665071000044534,6.907764179844988,16.834915571143746,0.42919564003522254,8.345606657956367,6.5397825064558175,11.47526499099988
98,6.053914253942482,2.4071408545415465,8.062136277785914,1.8902185289140983,5.30847663973522,9.655488052939567,5.181187125262656,10.375131772750006,5.787094454355404,13.400645180110168,-1.5539690337364223,9.592315685740829,3.3684469716146133,11.33989365320111
99,8.898722910614191,7.364822921360692,10.319949035289921,6.475133021869742,8.363180325700242,10.193326802256262,5.608994225545017,8.79880247068362,4.1732609052043435,8.61133990405364,-3.5472742492335847,10.041310534147065,0.01323579313594954,10.44057939627671
100,11.45180900526276,12.189919881721448,11.878329885227629,10.85842688748386,10.82500449375606,9.811566931970233,5.54241238107426,6.226162547108215,2.235243254729112,3.210338150980504,-5.1660728136023595,9.82157840592231,-3.027988530081117,9.0600440185119
101,13.572079601376892,16.47194237944295,12.689430370505143,14.682562299435736,12.519001882359456,8.670322112834807,5.121462364997526,3.060845431221226,0.16756683012653095,-2.02600416323637,-6.082089221010143,9.094768416083436,-5.328472134065567,7.472525172619829
102,15.089625539863077,19.79027581352912,12.737025635574192,17.592657127345202,13.319575602441672,6.986819193271124,4.495491907955475,-0.2377762914359021,-1.831046806710139,-6.395161153943512,-6.072868048078852,8.024788722830436,-6.590358505958564,5.902104229658115
103,15.824930604004695,21.763022882831354,12.03409033898542,19.275159959164643,13.161084023644323,5.0051620656380535,3.797528996876375,-3.217556985711825,-3.578399919651336,-9.360093974100607,-5.055068730452559,6.753206622224491,-6.68183853894805,4.494842412755886
104,15.61702415049644,22.098015037637694,10.623021465103335,19.498053811386423,12.045485492544445,2.966223111077936,3.1254472711295107,-5.49302624140445,-4.926607598711284,-10.613438498346197,-3.0969891734328496,5.383969671961978,-5.648855187051808,3.308259034657086
105,14.35593369925736,20.63876005382269,8.578037280526921,18.146961441417755,10.045948235789682,1.0811316511642886,2.5322977963047224,-6.793415739288759,-5.775140182092295,-10.106345298568186,-0.4088361557538486,3.97898183933465,-3.700468260263863,2.318547636565212
106,12.013541706361458,17.39811565089511,6.008325543250837,15.25138804021797,7.305410002408144,-0.488884670667567,2.0264222431462953,-6.993204174006479,-6.077980233161897,-8.039526465048535,2.6874298125945737,2.563918934871328,-1.1709629260139842,1.4428218881546417
107,8.666706301692981,12.573618106394088,3.0599046619362156,10.996117625857751,4.029328804109844,-1.6445258521357191,1.580252411394504,-6.121749238381031,-5.844518868603076,-4.819671404082156,5.803877318788488,1.1417554148604023,1.5347981953714207,0.5711560246707366
108,4.507370305815541,6.540567453619243,-0.08594481403176443,5.714446336966357,0.47233842145049326,-2.351646033088716,1.145291594990665,-4.351598711666422,-5.134563310226262,-0.9893096567775542,8.54103991582536,-0.289850232844561,4.003959196592643,-0.3983259985444406
109,-0.16374200239131792,-0.17808339671099885,-3.219376346235875,-0.13769919066550135,-3.0808151828259533,-2.6361298503766832,0.6698750015265381,-1.968049470011494,-4.04846774396951,2.858307774717465,10.542964203222116,-1.721673745243758,5.8764953156470865,-1.5283019920656982
110,-4.9606429277137005,-6.96267747573264,-6.114574137613298,-6.024972433058203,-6.338899161327774,-2.5718561206905877,0.11604267994027412,0.6749758391174457,-2.713863670347872,6.166149017002633,11.545005307332094,-3.1205377497378324,6.895252912729055,-2.8209963734255292
111,-9.450728407070539,-13.163104771220059,-8.547794067494541,-11.388667839210855,-9.030435894940451,-2.2639339911987895,-0.5277516216403336,3.205994041245694,-1.2707135293265452,8.489484231308273,11.407851123289985,-4.424264783187047,6.938239059414872,-4.210681263091569
112,-13.203793137383787,-18.172288078936287,-10.31910871210035,-15.708951233120132,-10.929963575249134,-1.8298268005841434,-1.2404194932608905,5.286603495880744,0.14356420091201186,9.550801244449858,10.1335130141055,-5.545154408407231,6.0292520804585035,-5.571074527472914
113,-15.844670964400725,-21.49738904635265,-11.27505085661093,-18.56526252147985,-11.881340001659854,-1.3810547269100524,-1.969500337118284,6.654800058384237,1.4073261160411124,9.267030371424648,7.8617935354131205,-6.3813351471804065,4.32646142030923,-6.735945590205688
114,-17.101831822698223,-22.81913539331002,-11.328738584434834,-19.686727776846798,-11.81512545408563,-1.0078909355082797,-2.639447596761139,7.155483756093838,2.425052590147719,7.747087270619932,4.848584006802046,-6.8337007455300265,2.091936859953932,-7.528822602066397
115,-16.844577439004816,-22.031013200059114,-10.47405866642978,-18.98548593183092,-10.757532800663043,-0.7688818687734226,-3.1651612736714787,6.754785646063566,3.1340125643671097,5.26227760829714,1.4298319381250304,-6.825000670325792,-0.3521405021105556,-7.796111279298648
116,-15.102997325171822,-19.2526760692006,-8.79112180720495,-16.568019396406893,-8.829306684870291,-0.6862197691484153,-3.4680432629769355,5.537299495935136,3.5069222875415815,2.1959448485721778,-2.0231944498308465,-6.317220511978011,-2.6731816723374524,-7.437442126632991
117,-12.06734029966877,-14.81542879014682,-6.441398130227936,-12.722570588244025,-6.234092930841869,-0.7470958014197022,-3.4914405955618477,3.6877226277344493,3.5507376150417302,-1.018666599522332,-5.150851361481735,-5.323720391305067,-4.575999559250641,-6.427707879209115
118,-8.066519160911373,-9.221525487972087,-3.6524937375304813,-7.884073324969018,-3.2372225190767994,-0.9102951959088971,-3.2125251052022232,1.4604495902675503,3.302114425380407,-3.962331445567465,-7.647901960020558,-3.913604604337176,-5.841759639240931,-4.826870515150669
119,-3.5285879855454585,-3.0826858451688604,-0.6941605276644934,-2.5812036306087296,-0.13715958351245042,-1.1165813539276461,-2.6483838947647502,-0.8579404918198961,2.8203661057045895,-6.286120857155753,-9.296778604147024,-2.2072486114624446,-6.352966616487504,-2.7758651320350833
120,1.071305586395335,2.953890606131837,2.151455994641601,2.6273430124073007,2.767057821105607,-1.3009517425562553,-1.8552117060532958,-2.9877547086121017,2.17892220912368,-7.752575379427033,-9.987652719257374,-0.36351136871631434,-6.1018857328614935,-0.4793698764019638
121,5.268217054571232,8.282085271451045,4.621387279182252,7.218800665032297,5.2084015484671315,-1.4046986975498923,-0.920785042732689,-4.691471357433409,1.456344247442319,-8.257242124122108,-9.723694203201944,1.439392725009205,-5.182499725861174,1.8215926177837187
122,8.662054520040913,12.40589121517593,6.500983580771153,10.765793939036348,6.980372292493254,-1.3853894309816248,0.04838473909313717,-5.800815030790902,0.7278924306091965,-7.8293955904652375,-8.611996755715555,3.026348244188405,-3.768567265349157,3.8826698290719235
123,10.962273671544084,14.992095306086645,7.646749836890961,12.981702378680229,7.957842925695208,-1.2233521220920376,0.9428970051270016,-6.232647727983512,0.0584787812688583,-6.6139685171100995,-6.842484766867622,4.247625816359198,-2.0822165915178146,5.4895076418242414
124,12.016960306363554,15.900308731396757,7.999954303829507,13.746491644415167,8.107624077253254,-0.9239257274526768,1.6665090504966504,-5.992445101177773,-0.5023909004686778,-4.8392999686983345,-4.658482677094757,4.997626164745581,-0.3585459594991527,6.486240494817043
125,11.823045387445216,15.187372818064004,7.5894497418392,13.110449884502776,7.487546145304735,-0.5154698588538082,2.14963623109395,-5.16590816147954,-0.9233652553954215,-2.776927413011839,-2.3233931321673937,5.227354621298071,1.1881769181087982,6.794952783540934
126,10.517158288642891,13.086795263331057,6.523682739657921,11.276395603939868,6.234432144806033,-0.043802630466027476,2.358105618838844,-3.9008351450812864,-1.1916623013844452,-0.7001528083776464,-0.08805554652441859,4.948939500462589,2.391866238467993,6.423487496529861
127,8.34932244403182,9.967259928722589,4.973339548460794,8.563840139769479,4.542864279188896,0.43576637188582634,2.2958988762610586,-2.382540459656777,-1.3114045326615609,1.1524667529852124,1.8371225927524903,4.231754739103652,3.1520940877234973,5.460871071404488
