,AF3,F7,F3,FC5,T7,P7,O1,O2,P8,T8,FC6,F4,F8,AF4
0,-0.10126048650221425,-0.050784019158453333,-0.06427067147099398,-0.007524832873997734,-0.02455474835665664,0.008992673207384186,-0.00397533398949082,-0.009971326202242928,-0.05040119131300838,-0.11481209574221929,-0.08595115526378255,-0.06571811224884933,-0.11212332880995213,-0.11839168056449627
1,0.3897205980929275,0.11201615892418529,-0.12086864036905123,0.04648961957368949,-0.35189468343239877,1.9984035763230719,4.143676066609158,0.18314453247227405,4.464459955474197,6.961390069138958,5.251037097026668,2.1977374384891664,8.129050462111849,5.191589865485418
2,0.8619336368234187,1.2132400308607605,-0.02445069509066289,-0.4614488762756722,-0.29765498889924025,2.5188466288430975,2.9267206760915796,0.5633080561068796,1.2955048563312228,4.072047924452745,5.49135636800055,0.23720915271869786,8.144908077715286,7.095993111377888
3,0.8004340253862435,1.8751411539047698,-0.2202137170095909,-0.7211777648097967,-0.1793513154809966,0.5092116562684462,-2.1769757831568417,0.8226846555293873,-6.55597949592326,-4.799166342619309,0.8250469231893942,-3.7737313821952547,0.7840429695314115,4.050616549415831
4,0.1326465464841868,0.4995400742681387,-0.6432512629025602,0.11596638933501177,-0.2818510644436332,-2.4150085632768787,-4.646414879135112,0.58643254741021,-9.345134670691603,-7.959856113144094,-3.3613472583387285,-3.6586089925666587,-5.439833951941514,-1.9596540533933327
5,-0.26842696806524075,-1.6871021235219088,-0.17366680100097293,1.236264916579852,-0.10855717053222738,-2.478694039078141,-1.281632722369325,0.03247582949481996,-2.984166530997382,-2.010443063335706,-2.7003641862354244,2.1331723280396546,-4.34235839138253,-6.070270756045029
6,4.464019289724709e-05,-2.043008477935906,1.3989335457203944,1.127100008596,0.6930423255768369,1.0565730400972295,3.606282634282316,-0.37833812424198543,6.601113958631981,5.336858018341808,0.7356236911151581,7.032860402763864,1.1442347634971426,-4.737185558964346
7,-0.10960153875973642,-0.37082945772224984,1.954458310209959,-0.2971862198009464,1.2049111502352892,3.6632005484352077,3.898184494803727,-0.5953243712577007,10.878591108929351,6.581938677022338,1.4197153279300025,3.908617352506627,3.1638667477163334,0.11862582359469141
8,-1.1882281302280482,0.9866494413998104,-0.20336215851834896,-1.5389521155232961,0.3301913913052201,1.5023706127005803,-0.30624099727563403,-0.8472710447780858,7.134168114687249,2.2797613352010875,-1.6719210050640119,-4.895994086676303,-0.9918640861936715,2.995277839663665
9,-1.5990120571172322,0.7996092336039924,-2.9680969114850675,-1.3408637599038593,-1.247787129240089,-2.721661532139497,-3.348015407824164,-0.9108805704474441,-0.7469653917813965,-2.496502337274039,-3.6369526817195994,-8.951397523252558,-5.354345109584714,1.6039032002519342
10,0.13308155737751962,0.26534140082403246,-2.6931631202596,-0.05868945678477021,-1.6330910266688783,-3.58982008196135,-2.0333408126885284,-0.25175789764542156,-7.098568503428527,-4.451715374225025,-0.9625663853476613,-2.7012114246425414,-3.0878993978477762,-0.5768064223014512
11,2.123896331376167,0.28454351839373543,0.4883631219975195,0.9831728247370003,-0.2920389737206223,-0.7528168382253543,0.7635086597186357,0.9117659809228484,-8.59743968246851,-3.305294600052364,3.5507093308455855,6.6963527093556845,4.201537808151235,0.08297355864300734
12,1.4000141452437223,-0.01538248955662646,2.8315202516259843,1.1790572287197465,1.247727179000584,1.520070077168305,1.373751444135134,1.486355852254325,-5.206085225941113,-0.2051215489880373,5.069378442678065,8.180142273537747,8.08654070688627,2.0351190536558397
13,-1.0541628701328618,-0.9669881317810956,2.4140739389340102,0.9728339066737549,1.4334398629295957,1.3395514800595796,0.44147564595331984,0.9071419614413504,0.6219857203708872,2.7509512696356806,2.686544222615352,0.9101181883348748,3.9644201661698206,1.56410172106387
14,-1.2490487042128324,-0.9896143820025673,0.8694432222520112,0.4986163778207385,0.3275927686814422,0.8374130140889768,0.41276931557632435,-0.09286391497454408,5.342084806621781,3.1846119070880032,-1.0938218067618317,-5.532878484667619,-3.3583744797910873,-1.123054005144836
15,1.361606412536634,0.7373279620350158,-0.42909101479366146,-0.728516315439304,-0.8860868305081068,1.1560805310847184,0.8956378944058636,-0.659150138695706,6.473589778498883,0.8730568035034668,-3.9792946164432097,-4.387520077703464,-6.18760603838507,-2.504407745965385
16,2.482492155014262,2.1517143033959263,-1.913084318948146,-2.1116464745118764,-1.1256798047520458,0.7692671465246151,-0.10883160261172886,-0.8669591636779334,4.282652382145953,-1.3117936587438488,-4.5983960129361945,0.5531508110634806,-3.23540397947933,-1.3397565599018497
17,-0.3528795607194209,0.989887123335193,-2.942519213338159,-1.7534296364974697,-0.18867165968555077,-0.6498471749702731,-2.0130115843593033,-0.9115424599550361,0.8116867538428477,-0.8447642805529716,-2.1271248997354633,2.128729419642146,0.4763993630628522,0.19200440192184978
18,-3.6156415765811976,-1.6622344594560663,-1.5947753361826986,0.6316042518892327,0.9355842536516138,-1.2168128873364017,-2.1839151924382425,-0.3643412548292472,-2.6179492099647126,0.7412072498875824,2.0169762082161036,-0.23739328319861228,1.3523263985163108,0.6262696289674256
19,-3.0034056598010905,-2.662950449631233,1.4297822158101303,2.356104638300069,0.8306061081783185,-0.6557350696061534,-0.0848968234668665,0.7361181409145954,-5.554190365648796,-0.0401468401475406,4.01165870952015,-1.5807280176819323,0.8580845970078217,0.6888615621381476
20,0.34371317852592553,-1.0181356707417588,2.6439117069895457,1.2985698609981389,-0.5407547427519478,-0.938935239787629,2.0985295009484064,1.168114728780574,-6.339115110324822,-2.9710765689045773,1.957723401443179,0.3954390836449085,1.192292615863553,0.580582692233415
21,2.229328322346901,1.1592324169963204,1.0201082469029772,-0.805019900846344,-1.393188142802658,-1.9222836852487422,2.666201327976247,0.21200158555790394,-2.777802263406468,-3.6558845352347213,-1.1519236408297995,2.610817113482461,1.4240306185552054,-0.4287328329526202
22,1.7100243351297553,1.7367079728778954,-0.37238428170780186,-1.0094179180983844,-0.4132381988014886,-0.6438500172551711,1.6740705658410613,-0.8938453143039377,3.7328268247282916,0.13063865178057316,-1.4827034335335092,1.8416875720017427,0.10802616843298303,-1.3366967618065844
23,1.2184795246338955,0.9581764127676362,0.36445073667497807,0.3247726143622707,1.2373109240790214,3.07134508898351,-0.4544697924482544,-0.600751499788544,7.59639918920816,4.690088286852603,0.32517238293152423,-0.7671097665564898,-1.1789461832164525,-0.03851297903776797
24,1.5613201446302398,0.35570403806783496,0.9071949889778028,0.5473854907149003,1.4649416671443922,4.550141828644396,-2.8810629866927884,0.6186097465171502,5.25142881049748,5.337904452190534,1.0492894279958236,-1.7631026827661835,-0.08039665722744027,2.653531068885001
25,0.7501523164311719,0.3662892107847683,-0.7986827901654625,-0.6992992015073636,0.18458517009745912,0.9352478450430434,-3.47467891569326,1.0460679938699469,-0.11061679367084132,2.3641435622810585,0.3110803868026223,-0.29914717375898675,2.1064121510402853,3.027527669353608
26,-1.8439159601745985,-0.00566431762745853,-2.5540058126065626,-1.1153903038785404,-0.8061810791101671,-3.6508897132173224,-0.9336597219171421,0.2287952742469958,-3.145381498733971,-0.9819254840050957,0.06032283204335351,0.8684730973834663,1.5772985294211677,-0.24347449204443752
27,-3.528656230567033,-1.2510894361692106,-1.4784012984534725,0.18436424454112738,-0.6247149906777307,-3.645442616582366,2.4448543968031773,-0.7470048149047662,-3.4357098726885167,-3.6896062454178526,-0.040984504886662165,-0.5365419220976998,-2.211352360670901,-3.649520620396165
28,-2.0935864789924623,-2.128672988568973,1.0442536334745445,1.2308704403671804,-0.29535900771926676,-0.07688213044719315,2.9661477619963104,-1.0477957914261706,-3.827437304888722,-6.028531602628894,-1.85901502796374,-2.7133554845688153,-4.905479181993609,-3.460024835913687
29,0.6480323021189343,-1.2608660970759737,1.4611291826618307,0.4462814326367081,-0.6622554210362771,1.6510500843053428,0.49632240428257474,-0.7141699114551138,-3.752150455681262,-5.728225809770518,-3.8056929625376847,-1.9890147956813675,-2.8639537129334487,-0.6782586495368346
30,1.3798135702001137,0.6622654536584697,-0.33286677247575075,-0.9886081304356618,-0.8796072956922855,0.28615474904290156,-1.4510474661746615,0.12386220152169487,-0.07219872790769107,-0.44709937912154296,-1.9069432577665764,1.7328991819006776,1.8312612885826212,0.9937814319956824
31,0.1821080426881446,1.6499389178763397,-0.9399778955023576,-1.0277437813448167,0.10878946155193787,-0.29907707298287173,-0.7174033915668112,1.138154888157908,5.7059697280456385,6.633888229617098,3.289138304497127,4.218584783154013,4.22788572862452,0.764729193776437
32,0.2376872998362788,1.1706576391138344,1.1238034357312259,0.43088594300895877,1.6317140740331362,1.5700610149583258,1.0214171751136059,1.2741543048446213,7.285366471676842,8.79389977459114,5.914692836372153,2.54780807701837,2.848857296941848,1.1417309271416924
33,2.596540763272596,0.5743599789233274,2.997365556177256,1.6431820382225413,2.020993798088339,2.4017425511136046,1.2847805606231195,0.013420307718879908,2.3017173112502545,4.030574837149884,2.832480719764318,-0.9279730116949954,0.490761369149017,2.863589629611862
34,3.9419902323362264,0.6866694444127719,1.5989137563851308,1.2580010086808775,0.8384598792780384,-0.4393415225499168,-0.05546884918557624,-1.1985843634615325,-3.8616965010653748,-2.5438148045101574,-1.8321727237944054,-2.1344413447709902,-0.4384322753608266,3.1102552250323723
35,1.1016615274194226,0.6729616607483409,-1.8529382641396392,-0.28428855794568875,-0.7183293161780292,-3.7940621846632796,-1.5396797064077248,-0.7071220798106873,-5.295706952746705,-5.366998013761367,-2.835158078156465,-0.7955082510368366,-0.4069761446526493,0.23190165174940644
36,-3.9717062360153697,-0.29819874654324074,-3.452890207937697,-1.4873838196743987,-1.53667329258009,-2.8425566402847493,-2.1531006955463488,0.596128272098854,-2.527730897057087,-4.150359944015765,-0.9278401271569688,0.0472055441128027,-0.6908531598769658,-3.0136241796288936
37,-6.092920177195937,-1.772980200043612,-1.9677308881719446,-1.521273445754333,-1.681568770793708,1.7507000327641133,-1.562673037781476,0.5872213437983751,0.2160937846483086,-1.949877628564784,-0.4886624017210106,-1.0959054147815432,-1.505095114806139,-3.5288628579228685
38,-3.2974139755906413,-2.796411468463682,-0.1438645072662967,-0.8680451524787952,-1.5194236417687979,4.181297824969741,0.15802667389636155,-0.47469835031247853,1.123055136335732,-0.5806521600566544,-2.4415680271154088,-2.335544005846487,-2.494992126935566,-2.4190644206914054
39,1.0502543777973505,-2.5830036515529344,-0.10444455830957804,-0.22284799089407129,-0.7227678088149878,1.1929226435779776,1.997277473010824,-0.5129570502812832,1.160228677289274,0.31943011708244684,-3.294181979080158,-1.4108218581331538,-2.919035242410616,-2.0249686244135354
40,3.2124155027109746,-0.35115854317846495,0.03285192317679901,0.5950295587613119,1.0363644988139176,-3.32300589008598,2.47977391872792,0.45675914869512246,1.041971372165812,1.5707072958109363,-0.5120141922586473,1.3995112062127932,-1.2662152881403435,-0.8565479373474756
41,3.5105136071642984,3.542361357089465,2.7007466880338953,1.894758918664131,2.8481080994371304,-3.2758357687351545,1.5667641772107885,0.366305673719957,0.951850830555629,3.3423529601421706,4.139740600376346,3.877499595315608,2.9652659937442065,3.5939464910139334
42,3.7386532980303753,6.019890744721627,5.623095536974392,2.6918819126364864,3.019499908959587,1.4844732465786357,0.6882590410874777,-0.8050867995009834,1.3886193826772677,4.658046395160794,6.744022468831959,4.113712097234545,6.7830278387998275,8.07305908240659
43,2.6306719277785073,3.507985002755494,3.6365174027121308,1.3665524454369515,0.9654893459938223,4.740595059293034,0.10288665905008647,-0.6555037097026648,1.687649740270049,3.380712130250267,4.853704215371503,1.6506060751399807,5.661444975969036,5.688709846144921
44,-1.89420770411242,-2.8662878356167405,-3.553639685096752,-1.8107344118237054,-1.897618554537291,2.050210615279244,-1.6793370416772837,1.174214661218443,-0.21975652027835768,-1.5650793144322293,-0.8307046615417295,-2.356782691791761,-0.6524963701951497,-3.6302722543962855
45,-6.798725363845036,-6.797159604586836,-8.825879162299909,-3.9724565699195216,-3.357243725808897,-3.3132776062513,-4.386804724885554,1.8087044772375975,-3.955965938482355,-7.100258521394724,-6.60586666907626,-5.24236258646668,-6.4837447694699835,-10.210584393032637
46,-5.750618357618714,-3.9131240108901166,-5.6665134717663195,-2.6240680897439757,-2.333872304178712,-4.761407933215655,-4.4356972536462465,-0.1911220224758777,-5.131920303269566,-7.520703568500388,-7.819364365997038,-4.333339593000158,-6.43741682427942,-6.025177713442826
47,1.455148407613917,2.3187844736832446,2.989369788458184,1.114429411996384,0.18276146217426387,-1.1041886900628912,0.33079205727748223,-2.1669980613839486,-1.026160641696779,-1.2261545103405398,-2.982795188037767,0.1028997782050404,-1.68566979226884,4.267481683429786
48,6.5330433449143825,4.649637179031279,7.640033153371185,3.4293802945851994,1.8844437331180643,2.573511563856433,6.115385106172525,-1.3169813363845289,4.399147360861138,5.94812868181926,3.7068542787302348,4.064986080939761,2.2700647094978144,8.43430066415348
49,3.3836312962504587,1.1224212646321652,3.9076795352411318,2.0901141683315774,1.3120499264040504,2.5177559600258466,6.718761543003567,1.0866729848625194,5.122320002288524,6.907273077449464,6.00735089021537,3.6645377401531496,2.69686400867016,1.945529270571177
50,-3.151264534859428,-3.050376415925594,-2.519540231821116,-1.1255700505972248,-0.3769050218040207,0.6944563931750989,1.091970440157977,1.6805479100935499,1.139015611971013,1.6756464348914886,2.6048208315162285,-0.28425739180049553,1.5450177244676013,-6.476603171342142
51,-4.176307635688807,-2.7356610524277434,-4.075742421421454,-2.6294682811315915,-0.5774721704056758,0.20604203440877705,-5.298409546037321,-0.14810133069531664,-2.1936176965411884,-3.3040779464996857,-1.5095394950105427,-2.9779364848354355,1.1233282039555037,-6.132458647559313
52,0.7782224659980432,1.1733424958992984,-0.6865188039543506,-0.9507575640488344,1.2849861726453833,0.3576886857149741,-6.522731521657951,-1.6358857797669464,-1.9132436472805132,-3.463223895483121,-1.5987127483889025,-1.247991836221007,1.2187572894178302,2.275725926621373
53,4.2614113159210785,4.152131458540079,2.131714126724471,1.985234548600442,2.582841722081448,-0.7747548063036546,-1.828971605582739,-0.651407726658046,-0.278800389258271,-0.40688980618953685,1.086801485658301,2.6936075163429756,0.766834557104271,8.154471135119083
54,2.2848332168340852,3.6091336176510804,1.6653600928610022,3.0476226700348334,0.8815945387960913,-1.9854693853938241,4.30266470636969,1.4604815966888187,0.04989632107896292,1.9189341835763818,1.8509429835445457,3.8672133181662534,-0.3458099958535501,4.721486603079672
55,-1.4425129683210702,0.2355509312002866,0.07237253529367564,0.9931654355803023,-2.5597693020992898,-1.0106986484867873,6.220030847685106,1.8399675284435915,-0.5213027935992756,1.795750368596719,-0.8577826314098334,0.34100892691030515,-1.7733296423430607,-3.2476356037188294
56,-2.805302285579988,-3.8902458275701197,-0.7597665750307343,-2.3273628697580375,-4.191115520934818,0.9247779101608508,1.919553189669634,-0.020520797042034515,-0.7912420765901472,-0.26296835215841674,-3.7278682111899943,-4.3950149590024274,-2.954272570494246,-6.64398390759243
57,-2.3389290446391757,-6.111162274577572,-1.585073012598353,-3.721300517257728,-2.4096258747835155,0.7471146436700437,-4.603655076999365,-1.720802640367277,-0.8814296563707344,-2.71065605503449,-3.1282424529955075,-5.1315063823940825,-2.5192297165644364,-3.1279776011521885
58,-1.361666523623042,-3.856417996585363,-2.3952736018931575,-1.9147639215821481,1.0524345680983416,-1.0748031662732969,-6.537862843620089,-1.293405890235871,-0.5464800974948887,-2.9573384149508564,0.5158560623585784,-0.7686274970903659,0.37292068944054024,1.9715121458708662
59,0.9884224369557666,2.3767582458399965,-1.0883306255605647,1.1308871549965451,3.48244670967613,-0.9190272264640296,-1.5042622284423113,0.3002966901256812,1.4271786318281714,0.5053818367902281,3.5171469840547065,4.1249997213033955,3.5877936230492526,3.3994217457294953
60,3.8582883595504263,7.303136392109432,2.33556465912127,2.6007925131464478,3.5118874609836377,1.9015953573118771,5.0687078142355,0.8490768132921465,4.080756377467167,4.4932171392701195,3.0874960442474695,4.178303392739812,3.37234956072569,1.0294067754167282
61,3.053148618567947,5.418109848438128,3.8725692206875713,1.9338915828920216,1.4136725564060488,3.403511512727934,5.887097302187755,0.002984673935625258,3.6022020665099905,3.4840037397543338,-0.06076057024499651,-0.4994862857060716,-0.5453414095298388,-1.9043732894516388
62,-2.3254596682568605,-1.8829738685328878,1.0016559034169539,0.6733359702236081,-1.4228628076142043,0.830555418112989,0.5493251734541381,-0.6178882696343552,-1.310241694244116,-2.2522402859738264,-2.7384288225018416,-4.039876535758108,-3.4907371307945283,-2.4842233235716806
63,-5.730996866807024,-6.559044107012598,-2.641377594266527,-0.07635463820303563,-3.100722525112093,-2.952159437838776,-4.336358102439598,0.04806186402881652,-5.946057488302598,-5.289116444163478,-2.312289181053182,-1.6605800918268223,-1.6007466482868222,0.006023406649637797
64,-1.2796725218345766,-3.250841995637368,-2.004597236161531,-0.5710137462576675,-2.408600428662178,-3.417129429218106,-3.7515894259236067,1.1938078211211867,-4.9632432329206635,-1.1455400995673375,0.8451602604146363,4.13925489843632,2.6769453309176336,3.573854364396546
65,6.494447993011216,3.749452414572572,1.7929455285921303,-1.052153457947206,-0.004236362517221676,-0.5358611707728945,0.3262871928921516,1.392712804072705,0.4855088100999033,4.751276967360422,3.5702878110832725,6.084655512448926,3.696205588748883,4.674082202393029
66,7.308212408838998,5.702476538298409,3.0116049290004527,-1.093623494722884,1.9359550186398222,1.802378073135928,2.985769193344973,0.2032575614584951,4.444160753541304,4.7066441716201,2.980098424649063,0.9281618058808724,0.27945281913822906,1.5308980629900963
67,-0.9950857266243494,0.3411423382257216,-0.4333969780094664,-0.660223293829365,1.6917764937506656,1.327671815049,2.363431259280808,-1.5788984844716873,3.6152062932495546,-0.6956141835746416,-0.6845554418749626,-6.376548930323511,-3.2065756148637146,-3.571063335657388
68,-9.201582472762363,-5.84315857477403,-4.498796796665121,-0.3971562797274602,-0.18143138698103622,-0.3410319454858959,-0.17775709221290623,-2.531678357090609,0.04478187722606568,-4.882661121159006,-4.578562964807547,-8.429602925029757,-3.4390110951110775,-6.397919692368604
69,-8.377339968225076,-6.025355967426067,-4.656210804135411,-0.2902758280513895,-1.262223820739408,-0.6571926844831129,-2.6608908387082355,-1.483880424388628,-2.406609852690849,-4.671624680259327,-5.762762092204051,-3.5116049500991577,-1.802423628354644,-4.8308757021719595
70,0.03389935379469387,-0.4292595430626405,-0.5792295672598607,0.5338280409660582,-0.15828434233224783,0.6932291507909063,-3.130921962583928,1.2714900705471377,-1.668984094877266,-1.8477885660683837,-2.719754909650944,3.6448642070629043,-0.32769142334878926,-0.1138078550608936
71,7.520570447830589,5.309542053330256,4.549079911728822,1.8438631682524274,1.3059057580800744,1.8502323225465798,-0.49078997594582013,3.4341887446874413,1.2565864299642302,1.8399061703443076,3.62344731941541,7.605943672021943,1.7182196231439484,4.7739107976641115
72,8.301630591762354,6.450776893843319,6.727318714663336,1.806640340111683,0.4423711465400929,1.0044150435386023,3.1761349150097256,2.533692640679078,2.8690240213473404,5.5158257380227536,8.81680720697015,6.615453434232488,4.554701012857466,6.835820269324735
73,3.483930384530788,2.7988446002513805,3.832520411088316,-0.13862097356128103,-1.766299168381559,-1.472737654471435,3.7518465839840784,-0.9457234497599911,0.6114501927017888,6.558314388196085,7.252739814022778,2.232185587064471,5.012123307628993,4.504879355706931
74,-2.4293475218572276,-2.182435866892085,-2.1326803493493514,-1.61918044095282,-1.4514095975274428,-2.9767991165410947,0.46339815291605957,-3.3799393226918832,-3.3366422958321955,2.4613855961103535,-1.3556589951829525,-2.8797837676612903,0.7956893281252602,-0.8502561138472682
75,-6.200445997448052,-4.781907051891533,-6.2476030899742545,-0.6211761589131547,1.7676183624622697,-1.4749220865074701,-2.5645134270284413,-2.178637997020911,-4.0807497797189285,-4.574410324671206,-9.355991286925319,-6.294162134799222,-4.7628090587971315,-5.310395435682979
76,-6.636850314106849,-3.9743351484826284,-5.484987427802407,1.0555410166209036,3.0925999216687483,1.6175179683901317,-1.9731965821102528,0.8322341127878105,-0.47691967698384374,-8.478392547320528,-8.585439093878268,-6.3502485062514005,-6.112814658891587,-5.625147394098004
77,-3.166729990283639,-1.3274197856021417,-1.2823917333426238,0.3386672814241502,-0.18962378023745033,2.6828845420364305,0.3809103391939999,1.9284737113038408,3.291885261235323,-5.580971529936024,-0.09644780791977783,-2.717262888808402,-2.464667506888184,-2.1888266107794268
78,3.276812077116029,1.359037536822585,2.9605701293526128,-2.1109933092946886,-3.770134179147645,0.4250542983144552,0.7985961851041632,0.5689600277609825,3.3713620445428876,1.4505956471794272,6.856775387056185,2.817934755487842,1.8392749640806367,1.6800984164453299
79,8.147658050435604,3.1686681845705635,4.883592727461612,-2.5882014773336026,-2.576102532779825,-2.241007151403483,-0.8301232771221356,-0.44498994259298974,0.6271890713975217,6.328893875274378,5.847928249276064,6.496788376639004,3.1947157308390675,3.256497824108967
80,6.105416453742749,3.2184600593109205,3.5398876899162297,0.08554821314864716,1.4982617683655308,-1.7561442539009762,-1.5702904413897374,0.3290885155113961,-1.5824227454312878,5.3058625176517715,-0.03233146331173297,5.190710720400115,2.093723773702743,2.5524879408673713
81,-1.928084209047512,0.8734609548017667,-0.3153089561005602,2.7802231194214686,2.8912936689737916,1.4947568635014294,-0.06908452510514672,0.9752641368769324,-1.5851992826133934,0.5316107706382208,-3.62156478500341,-0.08472002598541702,0.7823263904741247,1.026440682352879
82,-7.801516658348049,-2.4088176503109398,-3.52025381988665,2.598118871907448,0.832583114279754,3.4471023379990173,1.9188860816513087,-0.23329124761258213,-0.16318254144697858,-2.7329295311585584,-2.4556547244439173,-4.340418429028083,0.1707746930411338,-0.5019766570564617
83,-5.307624720079353,-3.381204188891909,-2.9225711353469888,0.5696899258998837,-0.6686111356473685,1.3724985633395805,2.369391148412281,-1.8424141066196686,1.109665527135011,-1.961665168705303,0.414846738824279,-3.6961289409083107,-0.17157192181317993,-1.6531380360178578
84,2.0826062904968787,-0.7058440363670756,0.42362344442132277,-0.5963090697430109,0.11405882682185398,-2.457698410050233,1.2691808296037863,-1.5071841938819102,1.083836413005062,0.46947955668713365,1.9398503710544193,0.2752588565243255,-0.5946604783697704,-1.5090074106757896
85,5.9337701506397025,2.8049071502543588,2.119389968986966,-0.45764206471082736,0.6723941628762578,-3.4416553619432886,-0.3235541087180968,0.4107812127531735,-0.36384587101211324,1.022681972551589,1.853085265154622,2.6424039573765024,-0.9840822429716692,0.19614759156993108
86,3.240269451682229,3.2348476313379724,0.42148945008073857,-0.586596874121896,-0.670857524684686,-0.719199232138234,-1.8104206917125536,1.5707868474330362,-1.9771448229961133,-0.6568711100818708,0.6425687160019075,1.1203313911052428,-1.1594993907550422,1.6245349921593766
87,-1.6269697124790108,0.16738798419669904,-1.618008173253236,-1.4977886539202119,-2.074178673028233,1.6452155246356674,-2.773061965533343,1.105737787082331,-2.0521444718555366,-2.2015144409553695,-1.7281032491974309,-1.74645074109371,-1.036370225675696,0.7972995078673599
88,-3.8741130483803286,-3.146496321006466,-1.1745573110199357,-1.9340076392602414,-1.5229158282755457,0.629901661986578,-2.3878327063561327,0.3006682314599144,-0.3655873708644261,-2.019372693695877,-4.015647340461279,-2.472707957687264,-0.5882511539631765,-1.4263090230625626
89,-2.9127305673156307,-3.656520112284096,0.5608378562757658,-0.9742221430921713,0.26703571431071765,-1.2163611996188903,-0.30614292345860356,0.05623809925419179,1.4934664978221959,-0.5583091251625498,-3.2689347738467576,-0.6981734444768161,0.1678775960144858,-2.492717538281347
90,-0.37334825044188574,-1.2306693555720039,1.3849762882888188,0.8591267056053713,1.5186275688834703,0.007933016131278808,2.350020982419135,-0.29759205837072406,2.103995080430591,1.2922755678506672,1.4083939220289488,1.537130674740265,1.179781889636595,-1.5679688195357857
91,2.4157749990038746,2.0374368671977594,1.5538220345886382,2.5528807360381314,1.7537278114373676,2.9689970291837082,3.7026250115502317,-1.2043713357165062,1.6493194044712416,3.091732841170806,5.974860963728415,2.80930658610638,2.1782817399075647,0.507331874235687
92,4.07344867844106,3.8748523165889184,1.8188310850050629,3.1468689384549995,1.324852849749385,2.9515886643494182,2.75821104679976,-1.625402345639554,1.0220901263724216,4.046324609527398,5.359785860933871,2.912896579613991,2.4474762779841948,3.2838134734443134
93,3.1517035755238165,3.182702702891673,0.8310902003767224,1.6144076349528005,0.25944898666887056,-0.628402771800046,0.14072778982578596,-0.5620608396623717,0.42670618097282487,2.8897983121075805,0.09966833187723646,1.4642601372776631,1.2029995187425413,5.529807120961291
94,-0.2645289294749784,0.4230942824833783,-2.41672195562957,-1.810815304359047,-1.2152697622269524,-3.3227080602546226,-2.4873765335963416,1.2428921042139127,-0.6875422621003395,-0.8000182617972683,-4.195730739922656,-1.8631101621403914,-1.4514852974574646,3.763191195925647
95,-4.131971312242584,-2.7382763847301623,-5.319038601155171,-4.303699968864742,-2.0334430392618073,-2.5147181488787447,-3.5597569473981587,2.1030222664769784,-2.673323033882577,-5.487554835991254,-4.4190154551720795,-5.371622038785054,-4.045257720160996,-3.344743547246431
96,-5.8757208545426005,-4.307426392600554,-4.0367410122475675,-2.90502305363796,-1.2988159790342402,-0.527671039199959,-2.5307556390305654,1.3197856972727233,-4.479375271910247,-7.877376590881653,-3.018195845358974,-5.562943280063612,-4.527505186211458,-10.01311901783603
97,-3.7803513232685595,-3.0275519658236822,1.2897758854896446,1.270747470869472,0.41242974098680635,0.20428262826627694,-0.1344020951255909,-0.33046570501735306,-3.536495653329765,-4.867575146179398,-2.112671163596436,-0.9440519943754945,-1.923062508268372,-8.282363092455821
98,1.8239119032868556,0.6101275312184612,6.113616166031714,3.7016533330280676,1.4345286802321584,0.6255535374525495,2.0815055199411243,-1.5628079552795737,1.473970263150307,3.007606488542295,0.5287231916768664,5.14323457317337,2.4949691370438503,1.5135377396227685
99,7.455137383623073,4.0794145983353385,6.369240567965888,2.0421697025096077,0.778979492963525,1.8113887894507084,2.7176589405984535,-1.5522298705942974,7.183140796917118,10.026341669215274,5.984029793917825,7.298313517443068,5.831186107734957,10.021418005485758
100,8.025409593642179,4.398229412377373,2.2444884160279894,-1.1726376530052416,-0.6219368454084877,2.156138916018035,1.6004881944579115,-0.4481909038235686,7.514109371106895,9.59302867779952,8.938793155139683,3.8653049318911576,5.74532403499128,9.77648913073664
101,1.8606818666719696,1.055402578560218,-2.86100712104084,-2.2554721557775452,-0.7713378239953866,0.4205266053690185,0.053226032719547574,0.6241648232769446,1.0459552911629741,1.4272208678952227,3.780404801474542,-1.4549650132948109,2.13094486042396,2.716627003851533
102,-6.269075178587769,-2.933177247885159,-5.705970918223886,-0.7883747477279874,0.8372249589108844,-1.4320870186428176,-0.5054339851280942,0.6379278983919816,-6.015544974458958,-7.268391935736667,-6.007297132504888,-4.279398818689822,-3.105098382223112,-4.40883526571764
103,-9.312084418572319,-3.918734651002929,-5.213500012102581,0.8724265396544363,2.0387837022471467,-1.1682927399444114,-0.36276342359226266,0.07929093242874741,-6.952039116792401,-9.250252658129185,-10.590305807664476,-4.203503302289223,-7.154181161356174,-7.785320843557932
104,-5.146292916238818,-1.4776562229940033,-2.1930111323893944,1.0766147212082344,0.6355733719728699,0.23844257507041314,-0.9415871009735831,0.3622245630086373,-2.5309269723159384,-4.4568278904752505,-5.922695718413195,-3.3735160126975616,-7.229283521119085,-7.188863026792758
105,1.9962877792049074,1.4836206094250395,1.8175706844394528,0.38236626413059494,-2.1616929451550084,0.4959323569908602,-2.180774454322469,1.3808030094088826,1.3769302092727693,1.5115886095815727,1.9551900217000795,-2.003182993142661,-2.2289164202723146,-2.803234857757619
106,6.711678027013449,2.256147176524427,5.012702053676539,0.011218138905194382,-2.920485828738943,-0.5815845089987147,-2.06970984936176,1.129073259634247,2.209310650544485,4.335352866904888,5.551417936499504,1.5126914933870612,5.073019060450719,4.055470835117265
107,6.752993731271922,0.9389787051689877,5.389113990345079,0.05662138248573813,-0.6699047880051838,-1.5913096821935593,0.26605336368319105,-1.16624739572506,2.331470059272952,4.080930458432069,4.362226766349511,5.96594664883852,8.931605564293124,8.656274519891518
108,2.8238354368825647,-0.4697021687512971,2.1143291615839876,-0.27791436338156916,1.8822101811444758,-1.6536281015146665,2.684006464285746,-3.126067504998526,3.0850031139595964,2.549366944106347,2.691613632998167,6.626622198272415,5.959361115842323,6.393573939240209
109,-2.6315983986644045,-0.6268565867205155,-2.553993019535733,-1.1454120110188533,2.1983982427846387,-0.3835067203460742,2.746976049337989,-2.1316073286601123,2.2869415142536695,0.6584005538889006,2.2739090754102786,1.3946551766748365,-0.928659515209456,-0.7759408082509066
110,-5.929792874929838,-0.020336843945653098,-4.504764257449338,-1.519105217645286,0.710048537340836,2.206434952326507,0.9377048569861308,1.017756851334637,-1.1394110697594597,-1.1108192486645132,0.5512792267561694,-5.003367857059143,-5.648347332972866,-5.611261231793365
111,-4.5328787663865695,0.150797582250263,-2.3860457363521776,-0.4502114212509346,-0.719645007425987,4.322812381113937,-0.5122563671495477,3.147772391020676,-4.10095524273312,-2.0169118191216775,-3.8762568328151934,-6.075735324115418,-5.3851870046308505,-4.473271969842603
112,-0.11663656320213008,-0.26049120283373045,0.5026506696356893,1.5261677883602882,-1.0244285054652509,3.212968874602872,-0.8100172841655253,2.5911646475752836,-3.2871823548235644,-1.8795888227596875,-7.209261742126513,-1.531712356670581,-2.203632485918732,-1.0391994346707094
113,2.899183695296869,-0.37392982716764717,0.6739124639847615,2.6792222281527382,-0.23841167465789853,-0.9985507875758243,-0.9280932679632455,0.4105123391022782,0.17027323273664066,-1.4174892345317922,-4.724584948469399,2.7292712776369057,0.6956938287133949,0.22649988256485343
114,2.5015912863987033,-0.013999659327899485,-0.7619766407927315,1.7693808853195259,0.6214452629873677,-4.470226735140602,-1.5986091250696333,-1.5993513272685747,2.2909354823240586,-1.1484018919853975,1.810225133060407,2.1449957447141825,1.892823224095847,-0.023854162819953326
115,0.7067098522783594,-0.06261380782301176,-0.26267286199026846,-0.6833029663577469,0.10779220325711822,-4.272635845458768,-2.295125469970945,-2.500568124627347,1.3225323724910947,-0.6760586051602323,5.274146232670789,-1.4410563831361225,1.5462459858942275,0.9126213180842243
116,-0.07947637201145687,-0.47007384420857173,2.3569107700667677,-2.7225800281822687,-1.4705272734454864,-1.7405363056102063,-1.668211472328259,-2.0201683187646156,-0.6191859232360588,0.666026866832004,3.0688305605775024,-2.59186346024878,0.8396981475339131,2.6645109982652735
117,0.1770948285396432,0.19286067157496023,3.5371387551833813,-2.6036415226452654,-1.4135035265280558,0.44750238435343187,1.2550605292501638,-0.29382301592971544,-0.6604284395250872,2.793284092230525,0.8547476935781639,1.0564098713691066,1.350258450877099,2.963058764372582
118,0.4168662189285383,1.7520591563214738,1.3344347530653686,-0.4680101256852989,1.4025507134461088,2.1072344438939985,5.075284138595541,1.7208349091761808,1.2731389627687695,4.315031587053996,2.8020178367353585,5.502715414305319,2.7120703826131343,1.4033448715112997
119,0.17096101328303806,1.3832884770104377,-1.9367165957371324,1.6565773613622745,3.4714163387959887,3.9585800456458147,5.6814841660001605,2.4988391715241725,2.405608169019066,3.110518239991884,3.6420237225056398,4.48562866287761,1.8124706067139942,-0.7656715246011526
120,-0.672085251692576,-1.7672609586437158,-3.2091372695826177,1.9654895183721557,1.148760800019538,4.2934038689220095,0.5906165717815555,1.3647370245038004,0.5749351547171948,-1.3666711478345823,-2.5942527151228956,-2.381153944375441,-2.7295496698501327,-2.747956764203346
121,-1.9260273118108695,-3.445319010096699,-2.2622500189350068,0.8148622604982928,-3.122776054367527,0.9067387927666577,-6.292935950800764,-0.6278064505046524,-2.7046262903926195,-6.085772397036931,-10.240190142014146,-7.563577453581582,-6.539321862724929,-3.9062322152902618
122,-2.449487102412702,-0.06005485588261536,-0.6998444721199034,-0.11351587433465857,-3.6325558336966477,-4.200833474850414,-7.768378891373099,-1.72476400520308,-3.720933346042057,-6.505806465425602,-8.308122263637214,-4.602729895962966,-4.270698150068511,-3.027024266539848
123,-1.0084141329250662,4.36967530218614,0.6189990417865576,-0.23651145342341423,0.12127815181900875,-5.738550571427942,-2.157496160976415,-1.2428754825808166,-1.2172379803201827,-1.6727898057948425,2.35351098092674,2.7627105688673317,2.1734191543018713,0.07920321191382544
124,1.7972414940463541,2.8897399329388493,1.7096148984921213,-0.43623014790681003,2.847875958816409,-1.6841173635092859,4.523711554351719,4.2092104956235193e-05,2.0742314193924782,4.27098903149883,9.178342449544111,5.336467051280393,5.423740738101252,3.3576017104232285
125,3.6860995983381013,-3.3223808181058643,2.269987863705552,-1.0530035093790806,1.7103974900940373,3.6368357322122296,6.427577955925025,0.8032221821006434,3.16624545750719,6.655199095578367,6.206092093990717,1.3686469644958277,2.9963875305165693,4.454363409175937
126,3.0249371821306648,-5.413604730502287,1.7308420765788572,-1.0979163472550508,-0.17182366039565347,4.430720170295084,3.9111220034952443,0.6853744244742336,2.0612299958384472,4.657757850178674,1.0673736705508385,-1.763851272564299,0.06479311765914675,3.0573948899761456
127,0.28566088884413987,0.09075748039239874,0.19831603142244303,-0.041761694626178236,-0.004817431359876553,0.058250588541595164,0.09737750050130548,-0.04587985254730974,0.2306045879110547,0.3293306673593923,0.34588541208080525,0.264082529699467,0.36156499511679135,0.3785920262799949
